-1.5	0.001430430500743637
-1.499	0.0014230038834237438
-1.498	0.001416850844094135
-1.497	0.0014117225081164368
-1.496	0.0014073489102775
-1.495	0.0014034447399802477
-1.494	0.0013997290493477585
-1.493	0.0013959576420728762
-1.492	0.001391959151407573
-1.491	0.001387660218469649
-1.49	0.001383087496994554
-1.489	0.0013783448662485357
-1.488	0.001373576052157252
-1.487	0.001368927518744795
-1.486	0.0013645224165745313
-1.485	0.001360448628222589
-1.484	0.0013567580881655287
-1.483	0.0013534725070123669
-1.482	0.0013505913103559939
-1.481	0.0013480992280654315
-1.48	0.0013459724124101754
-1.479	0.0013441828677796762
-1.478	0.0013427014048821978
-1.477	0.001341499465839364
-1.476	0.0013405501543113905
-1.475	0.001339828739337651
-1.474	0.0013393128289853424
-1.473	0.0013389823482784574
-1.472	0.0013388194094842273
-1.471	0.0013388081302369208
-1.47	0.0013389344331019963
-1.469	0.0013391858459939237
-1.468	0.001339551313918921
-1.467	0.0013400210270353829
-1.466	0.0013405862667755732
-1.465	0.00134123926992695
-1.464	0.0013419731095927108
-1.463	0.0013427815914942973
-1.462	0.0013436591639275144
-1.461	0.0013446008397038644
-1.46	0.0013456021285179875
-1.459	0.001346658978332069
-1.458	0.001347767724530075
-1.457	0.0013489250457534492
-1.456	0.0013501279254770704
-1.455	0.0013513736185166055
-1.454	0.0013526596217747727
-1.453	0.0013539836486350884
-1.452	0.0013553436064985892
-1.451	0.0013567375770332955
-1.45	0.0013581637987694
-1.449	0.0013596206517268884
-1.448	0.0013611066438077944
-1.447	0.001362620398723851
-1.446	0.0013641606452630536
-1.445	0.0013657262077262958
-1.444	0.001367315997388833
-1.443	0.001368929004861283
-1.442	0.0013705642932419352
-1.441	0.0013722209919666097
-1.44	0.001373898291274746
-1.439	0.0013755954372209563
-1.438	0.0013773117271704332
-1.437	0.0013790465057243449
-1.436	0.0013807991610281327
-1.435	0.0013825691214213954
-1.434	0.00138435585239306
-1.433	0.0013861588538098802
-1.432	0.001387977657390098
-1.431	0.0013898118243973248
-1.43	0.0013916609435326232
-1.429	0.0013935246290051842
-1.428	0.001395402518764262
-1.427	0.001397294272876853
-1.426	0.001399199572037354
-1.425	0.0014011181161968469
-1.424	0.0014030496233010394
-1.423	0.0014049938281269173
-1.422	0.001406950481209325
-1.421	0.0014089193478494532
-1.42	0.0014109002071981142
-1.419	0.0014128928514073136
-1.418	0.00141489708484433
-1.417	0.0014169127233630084
-1.416	0.0014189395936275216
-1.415	0.001420977532484289
-1.414	0.0014230263863781313
-1.413	0.0014250860108091096
-1.412	0.0014271562698268282
-1.411	0.0014292370355592572
-1.41	0.0014313281877733834
-1.409	0.0014334296134652725
-1.408	0.0014355412064772893
-1.407	0.0014376628671404449
-1.406	0.0014397945019400079
-1.405	0.0014419360232026674
-1.404	0.0014440873488036831
-1.403	0.001446248401892574
-1.402	0.001448419110636057
-1.401	0.0014505994079769726
-1.4	0.0014527892314081358
-1.399	0.0014549885227600383
-1.398	0.0014571972280014826
-1.397	0.0014594152970522623
-1.396	0.0014616426836070937
-1.395	0.0014638793449700232
-1.394	0.0014661252418986701
-1.393	0.0014683803384576304
-1.392	0.0014706446018804544
-1.391	0.0014729180024396734
-1.39	0.001475200513324348
-1.389	0.0014774921105246788
-1.388	0.0014797927727232458
-1.387	0.0014821024811924506
-1.386	0.0014844212196978262
-1.385	0.0014867489744068074
-1.384	0.0014890857338026968
-1.383	0.0014914314886034829
-1.382	0.0014937862316852307
-1.381	0.0014961499580098054
-1.38	0.0014985226645566662
-1.379	0.0015009043502584882
-1.378	0.0015032950159404401
-1.377	0.0015056946642628766
-1.376	0.0015081032996672769
-1.375	0.0015105209283252613
-1.374	0.0015129475580905102
-1.373	0.0015153831984534463
-1.372	0.0015178278604985184
-1.371	0.0015202815568639881
-1.37	0.0015227443017040447
-1.369	0.001525216110653189
-1.368	0.0015276970007927282
-1.367	0.0015301869906193084
-1.366	0.001532686100015379
-1.365	0.001535194350221498
-1.364	0.0015377117638104005
-1.363	0.0015402383646627483
-1.362	0.0015427741779444814
-1.361	0.0015453192300857108
-1.36	0.0015478735487610901
-1.359	0.0015504371628715897
-1.358	0.0015530101025276377
-1.357	0.0015555923990335525
-1.356	0.0015581840848732402
-1.355	0.0015607851936971023
-1.354	0.0015633957603100833
-1.353	0.001566015820660873
-1.352	0.001568645411832177
-1.351	0.0015712845720320442
-1.35	0.001573933340586201
-1.349	0.0015765917579313971
-1.348	0.0015792598656096883
-1.347	0.0015819377062636637
-1.346	0.001584625323632582
-1.345	0.0015873227625493914
-1.344	0.0015900300689386238
-1.343	0.0015927472898151342
-1.342	0.0015954744732836618
-1.341	0.0015982116685392348
-1.34	0.0016009589258683405
-1.339	0.0016037162966509276
-1.338	0.0016064838333631408
-1.337	0.001609261589580876
-1.336	0.0016120496199840573
-1.335	0.001614847980361688
-1.334	0.0016176567276176496
-1.333	0.0016204759197772426
-1.332	0.0016233056159944703
-1.331	0.001626145876560066
-1.33	0.0016289967629102525
-1.329	0.0016318583376362505
-1.328	0.0016347306644945215
-1.327	0.0016376138084177585
-1.326	0.0016405078355266175
-1.325	0.0016434128131422195
-1.324	0.0016463288097993763
-1.323	0.001649255895260633
-1.322	0.0016521941405310296
-1.321	0.0016551436178736875
-1.32	0.0016581044008261644
-1.319	0.001661076564217631
-1.318	0.0016640601841868526
-1.317	0.0016670553382010058
-1.316	0.0016700621050753561
-1.315	0.0016730805649937733
-1.314	0.0016761107995301487
-1.313	0.0016791528916706986
-1.312	0.0016822069258371972
-1.311	0.0016852729879111516
-1.31	0.0016883511652589147
-1.309	0.0016914415467578323
-1.308	0.001694544222823358
-1.307	0.001697659285437238
-1.306	0.0017007868281767539
-1.305	0.0017039269462450681
-1.304	0.0017070797365027
-1.303	0.0017102452975001658
-1.302	0.0017134237295118229
-1.301	0.001716615134570953
-1.3	0.0017198196165061181
-1.299	0.0017230372809788374
-1.298	0.0017262682355226322
-1.297	0.0017295125895834685
-1.296	0.0017327704545616646
-1.295	0.0017360419438552997
-1.294	0.0017393271729051864
-1.293	0.0017426262592414562
-1.292	0.0017459393225318135
-1.291	0.0017492664846315354
-1.29	0.0017526078696352512
-1.289	0.0017559636039306149
-1.288	0.0017593338162538866
-1.287	0.0017627186377475504
-1.286	0.0017661182020199933
-1.285	0.0017695326452073878
-1.284	0.001772962106037801
-1.283	0.0017764067258976793
-1.282	0.0017798666489007454
-1.281	0.0017833420219594616
-1.28	0.0017868329948591323
-1.279	0.0017903397203347527
-1.278	0.0017938623541507459
-1.277	0.001797401055183677
-1.276	0.0018009559855081021
-1.275	0.0018045273104856632
-1.274	0.001808115198857578
-1.273	0.0018117198228406873
-1.272	0.0018153413582271839
-1.271	0.0018189799844882263
-1.27	0.0018226358848815731
-1.269	0.0018263092465634556
-1.268	0.0018300002607048434
-1.267	0.0018337091226123484
-1.266	0.0018374360318539357
-1.265	0.0018411811923897004
-1.264	0.0018449448127079349
-1.263	0.0018487271059667262
-1.262	0.001852528290141372
-1.261	0.0018563485881778734
-1.26	0.0018601882281527992
-1.259	0.0018640474434398484
-1.258	0.0018679264728834262
-1.257	0.0018718255609795863
-1.256	0.0018757449580646902
-1.255	0.0018796849205122113
-1.254	0.001883645710938041
-1.253	0.0018876275984147834
-1.252	0.0018916308586954577
-1.251	0.0018956557744471262
-1.25	0.0018997026354949413
-1.249	0.0019037717390771832
-1.248	0.0019078633901118427
-1.247	0.0019119779014753861
-1.246	0.0019161155942943567
-1.245	0.0019202767982504849
-1.244	0.0019244618519000769
-1.243	0.0019286711030084358
-1.242	0.0019329049089001832
-1.241	0.0019371636368263167
-1.24	0.001941447664349014
-1.239	0.001945757379745126
-1.238	0.0019500931824294671
-1.237	0.001954455483399027
-1.236	0.0019588447056993292
-1.235	0.001963261284914207
-1.234	0.0019677056696804198
-1.233	0.001972178322228547
-1.232	0.001976679718951769
-1.231	0.001981210351004176
-1.23	0.0019857707249304633
-1.229	0.001990361363328881
-1.228	0.0019949828055495383
-1.227	0.0019996356084302563
-1.226	0.002004320347072334
-1.225	0.0020090376156587375
-1.224	0.0020137880283174984
-1.223	0.0020185722200331394
-1.222	0.0020233908476093485
-1.221	0.0020282445906862055
-1.22	0.0020331341528155946
-1.219	0.0020380602625986997
-1.218	0.002043023674889754
-1.217	0.002048025172070536
-1.216	0.0020530655654005113
-1.215	0.0020581456964477774
-1.214	0.0020632664386065385
-1.213	0.0020684286987071323
-1.212	0.002073633418725244
-1.211	0.002078881577597375
-1.21	0.0020841741931503
-1.209	0.0020895123241528053
-1.208	0.002094897072498764
-1.207	0.002100329585531276
-1.206	0.0021058110585185264
-1.205	0.002111342737292838
-1.204	0.002116925921065419
-1.203	0.0021225619654304142
-1.202	0.0021282522855730268
-1.201	0.002133998359697803
-1.2	0.0021398017326946326
-1.199	0.0021456640200615534
-1.198	0.0021515869121052824
-1.197	0.0021575721784421924
-1.196	0.002163621672824738
-1.195	0.0021697373383205033
-1.194	0.0021759212128738205
-1.193	0.002182175435282581
-1.192	0.0021885022516262374
-1.191	0.002194904022184331
-1.19	0.002201383228888939
-1.189	0.0022079424833586496
-1.188	0.0022145845355666166
-1.187	0.002221312283200496
-1.186	0.002228128781778174
-1.185	0.0022350372555897816
-1.184	0.0022420411095440047
-1.183	0.002249143942005014
-1.182	0.0022563495587157086
-1.181	0.002263661987913391
-1.18	0.0022710854967558035
-1.179	0.002278624609188576
-1.178	0.00228628412540008
-1.177	0.0022940691430263357
-1.176	0.002301985080287549
-1.175	0.002310037701259134
-1.174	0.002318233143504244
-1.173	0.002326577948322063
-1.172	0.0023350790938972024
-1.171	0.0023437440316706136
-1.17	0.0023525807262925772
-1.169	0.002361597699563831
-1.168	0.0023708040788230278
-1.167	0.0023802096502981286
-1.166	0.002389824918007398
-1.165	0.0023996611688737544
-1.164	0.0024097305448058048
-1.163	0.0024200461226019125
-1.162	0.002430622002652527
-1.161	0.002441473407552878
-1.16	0.0024526167918967564
-1.159	0.0024640699647054316
-1.158	0.0024758522261588167
-1.157	0.002487984520543248
-1.156	0.0025004896076185456
-1.155	0.0025133922549428547
-1.154	0.002526719454086749
-1.153	0.002540500664127526
-1.152	0.0025547680863541983
-1.151	0.0025695569747468372
-1.15	0.002584905987539979
-1.149	0.0026008575860587396
-1.148	0.0026174584880547997
-1.147	0.0026347601839975714
-1.146	0.0026528195262311015
-1.145	0.0026716994026333104
-1.144	0.0026914695084646243
-1.143	0.0027122072325304033
-1.142	0.002733998676681919
-1.141	0.0027569398311321227
-1.14	0.0027811379321705416
-1.139	0.0028067130337466285
-1.138	0.002833799830193164
-1.137	0.002862549774234072
-1.136	0.0028931335425331113
-1.135	0.0029257439105590598
-1.134	0.0029605991096231933
-1.133	0.0029979467516867415
-1.132	0.003038068421933682
-1.131	0.0030812850549397225
-1.13	0.003127963226955512
-1.129	0.003178522513131927
-1.128	0.003233444072155136
-1.127	0.0032932806276765344
-1.126	0.0033586680092280263
-1.125	0.0034303383835578927
-1.124	0.003509135231853183
-1.123	0.003596029979179934
-1.122	0.003692139912294285
-1.121	0.0037987465569484695
-1.12	0.0039173129131075965
-1.119	0.0040494966979037995
-1.118	0.004197154779874536
-1.117	0.004362330975836395
-1.116	0.004547214921074341
-1.115	0.004754053419428883
-1.114	0.0049849873883547
-1.113	0.00524177791140628
-1.112	0.005525376630044848
-1.111	0.005835295254609574
-1.11	0.006168749184123071
-1.109	0.00651961147668971
-1.108	0.006877338566411016
-1.107	0.0072262231774091615
-1.106	0.007545538109365281
-1.105	0.007811198393549175
-1.104	0.007999253875758859
-1.103	0.00809071335750748
-1.102	0.008076199519503065
-1.101	0.00795849513181319
-1.1	0.007751771749867877
-1.099	0.007477876759249258
-1.098	0.007161365810989572
-1.097	0.006825146371449097
-1.096	0.006487802459690016
-1.095	0.006162681633896493
-1.094	0.0058582301266746455
-1.093	0.005578944772845832
-1.092	0.005326465642481631
-1.091	0.005100547892175758
-1.09	0.004899816537167558
-1.089	0.004722301964980402
-1.088	0.004565793949911904
-1.087	0.004428060800172913
-1.086	0.00430697515768178
-1.085	0.004200578578367487
-1.084	0.004107107831726985
-1.083	0.004024998441167473
-1.082	0.003952875549710095
-1.081	0.00388953843639412
-1.08	0.0038339425112504304
-1.079	0.0037851810072531532
-1.078	0.0037424675773635686
-1.077	0.0037051203869915917
-1.076	0.0036725479257518606
-1.075	0.0036442365537437647
-1.074	0.0036197396861011983
-1.073	0.0035986684665873757
-1.072	0.0035806837622850605
-1.071	0.0035654893119318526
-1.07	0.0035528258710326678
-1.069	0.0035424662120952994
-1.068	0.003534210855023518
-1.067	0.0035278844191155316
-1.066	0.003523332503355157
-1.065	0.003520419015352427
-1.064	0.0035190238812833068
-1.063	0.0035190410795449896
-1.062	0.003520376949714782
-1.061	0.003522948735939545
-1.06	0.0035266833302595186
-1.059	0.0035315161867471145
-1.058	0.003537390381866489
-1.057	0.0035442558002641393
-1.056	0.003552068428398473
-1.055	0.0035607897411044013
-1.054	0.0035703861684505097
-1.053	0.0035808286321506464
-1.052	0.003592092142397588
-1.051	0.0036041554473425085
-1.05	0.00361700072859133
-1.049	0.0036306133370617778
-1.048	0.00364498156437117
-1.047	0.0036600964456291636
-1.046	0.0036759515901103957
-1.045	0.0036925430367973438
-1.044	0.0037098691322257618
-1.043	0.0037279304284472434
-1.042	0.00374672959925374
-1.041	0.00376627137309701
-1.04	0.003786562481387542
-1.039	0.003807611621079608
-1.038	0.003829429430645497
-1.037	0.0038520284787182113
-1.036	0.003875423264840446
-1.035	0.0038996302319027547
-1.034	0.003924667789987275
-1.033	0.003950556351458738
-1.032	0.003977318377262776
-1.031	0.004004978434505915
-1.03	0.004033563265502966
-1.029	0.004063101868588517
-1.028	0.004093625591100304
-1.027	0.0041251682350567885
-1.026	0.004157766176168794
-1.025	0.004191458496949498
-1.024	0.004226287134818049
-1.023	0.004262297046233348
-1.022	0.004299536388046279
-1.021	0.004338056717424995
-1.02	0.004377913211889008
-1.019	0.004419164911188606
-1.018	0.004461874982987611
-1.017	0.004506111014554677
-1.016	0.004551945332943457
-1.015	0.004599455356451124
-1.014	0.004648723980490977
-1.013	0.004699840001405919
-1.012	0.004752898582190014
-1.011	0.004808001764584863
-1.01	0.004865259032582644
-1.009	0.004924787933011186
-1.008	0.004986714759607371
-1.007	0.005051175307820507
-1.006	0.0051183157085398735
-1.005	0.005188293350032875
-1.004	0.005261277898630572
-1.003	0.0053374524301357884
-1.002	0.005417014685581876
-1.001	0.005500178466878021
-1.0	0.005587175190077672
-0.999	0.005678255616555253
-0.998	0.005773691785327446
-0.997	0.0058737791731844164
-0.996	0.0059788391132831855
-0.995	0.006089221507502579
-0.994	0.006205307873284468
-0.993	0.006327514772031487
-0.992	0.006456297673567376
-0.991	0.0065921553198946044
-0.99	0.006735634661749313
-0.989	0.006887336453546265
-0.988	0.007047921606577114
-0.987	0.0072181184171925886
-0.986	0.007398730806666833
-0.985	0.007590647733113482
-0.984	0.007794853963919762
-0.983	0.008012442430550493
-0.982	0.008244628427274617
-0.981	0.008492765962599971
-0.98	0.008758366628398542
-0.979	0.00904312141853154
-0.978	0.009348926008153822
-0.977	0.009677910098941632
-0.976	0.0100324715465827
-0.975	0.010415316117403782
-0.974	0.010829503873236192
-0.973	0.011278503359198876
-0.972	0.011766254968351375
-0.971	0.012297245077900414
-0.97	0.012876592786951201
-0.969	0.013510151320762376
-0.968	0.014204626372672814
-0.967	0.0149677137816424
-0.966	0.015808258903850552
-0.965	0.016736439686149095
-0.964	0.01776397455035612
-0.963	0.01890435436879839
-0.962	0.02017309444768717
-0.961	0.021587996589777482
-0.96	0.02316940152962614
-0.959	0.024940396148479524
-0.958	0.026926914731183808
-0.957	0.02915763479658404
-0.956	0.031663510287356283
-0.955	0.034476702516611155
-0.954	0.03762855926164591
-0.953	0.04114616133304502
-0.952	0.045046834036633454
-0.951	0.04932998660064503
-0.95	0.05396585595383349
-0.949	0.05888145700836288
-0.948	0.06394560148855666
-0.947	0.06895738425798743
-0.946	0.0736454831345146
-0.945	0.07768704695717216
-0.944	0.08075167731770147
-0.943	0.08256586708857117
-0.942	0.08297924438172741
-0.941	0.08200578295819902
-0.94	0.07982035875378828
-0.939	0.07671183466570261
-0.938	0.07301375053778071
-0.937	0.06903913231217756
-0.936	0.0650367617980187
-0.935	0.06117267616670029
-0.934	0.05753176539984762
-0.933	0.054132104008390934
-0.932	0.05094612869427258
-0.931	0.04792438772787804
-0.93	0.045017778464410595
-0.929	0.04219384128894143
-0.928	0.03944374836644326
-0.927	0.03677978785060631
-0.926	0.034226693215564555
-0.925	0.0318116929016594
-0.924	0.029557020891741507
-0.923	0.027476243479874367
-0.922	0.025573838422720575
-0.921	0.023846694221198842
-0.92	0.022286307422781253
-0.919	0.02088090550480281
-0.918	0.01961714839846633
-0.917	0.01848133630655505
-0.916	0.017460184719527486
-0.915	0.016541270050715193
-0.914	0.01571324645796092
-0.913	0.014965914728683678
-0.912	0.014290201962573171
-0.911	0.013678091928288809
-0.91	0.01312253178712595
-0.909	0.012617330954390266
-0.908	0.012157061261859656
-0.907	0.011736963350879707
-0.906	0.0113528616060209
-0.905	0.011001088378507278
-0.904	0.010678417363022422
-0.903	0.010382005525371257
-0.902	0.010109342766000087
-0.901	0.009858208440241528
-0.9	0.009626633874747704
-0.899	0.009412870080840447
-0.898	0.009215359945554388
-0.897	0.00903271426619091
-0.896	0.00886369107665983
-0.895	0.008707177789937433
-0.894	0.008562175749005332
-0.893	0.00842778683831112
-0.892	0.008303201859451144
-0.891	0.008187690419097575
-0.89	0.008080592114989191
-0.889	0.007981308837909904
-0.888	0.007889298034778688
-0.887	0.00780406680098574
-0.886	0.0077251666895645785
-0.885	0.007652189141237717
-0.884	0.007584761453285508
-0.883	0.007522543216964307
-0.882	0.007465223163179731
-0.881	0.007412516364588722
-0.88	0.007364161749500103
-0.879	0.007319919889067473
-0.878	0.007279571024489999
-0.877	0.00724291330539557
-0.876	0.00720976121439624
-0.875	0.007179944156075902
-0.874	0.007153305191478337
-0.873	0.007129699901579793
-0.872	0.007108995365312563
-0.871	0.007091069239504317
-0.87	0.007075808929653765
-0.869	0.007063110841811562
-0.868	0.007052879707006439
-0.867	0.007045027970675143
-0.866	0.007039475240442582
-0.865	0.0070361477863737885
-0.864	0.007034978088497182
-0.863	0.007035904426993012
-0.862	0.007038870510962188
-0.861	0.007043825142149562
-0.86	0.007050721910399875
-0.859	0.0070595189179813184
-0.858	0.007070178530227236
-0.857	0.0070826671502259965
-0.856	0.007096955015537415
-0.855	0.0071130160151349825
-0.854	0.007130827524970007
-0.853	0.007150370260729983
-0.852	0.0071716281465211305
-0.851	0.007194588198346703
-0.85	0.007219240421380421
-0.849	0.0072455777201496895
-0.848	0.0072735958208477005
-0.847	0.007303293205089079
-0.846	0.0073346710545101656
-0.845	0.007367733205695459
-0.844	0.00740248611498484
-0.843	0.007438938832784866
-0.842	0.0074771029870708905
-0.841	0.007516992775826689
-0.84	0.00755862496822475
-0.839	0.007602018914404154
-0.838	0.007647196563754853
-0.837	0.0076941824916668304
-0.836	0.007743003934751721
-0.835	0.007793690834592339
-0.834	0.007846275890123298
-0.833	0.007900794618793729
-0.832	0.007957285426711333
-0.831	0.008015789688016273
-0.83	0.008076351833783758
-0.829	0.008139019450806617
-0.828	0.008203843390663348
-0.827	0.008270877889534364
-0.826	0.008340180699289072
-0.825	0.00841181323043053
-0.824	0.00848584070755185
-0.823	0.008562332338031681
-0.822	0.008641361494773844
-0.821	0.008723005913880347
-0.82	0.00880734790823824
-0.819	0.008894474598099047
-0.818	0.008984478159837132
-0.817	0.009077456094189959
-0.816	0.009173511515411181
-0.815	0.009272753462906841
-0.814	0.009375297237078369
-0.813	0.009481264761264104
-0.812	0.00959078497185597
-0.811	0.009703994238871702
-0.81	0.009821036819487492
-0.809	0.00994206534728441
-0.808	0.01006724136023595
-0.807	0.010196735870768279
-0.806	0.01033072998156155
-0.805	0.010469415551134623
-0.804	0.01061299591367163
-0.803	0.010761686658010907
-0.802	0.010915716471232977
-0.801	0.011075328052858819
-0.8	0.011240779106312384
-0.799	0.011412343415019222
-0.798	0.011590312011317772
-0.797	0.011774994447261268
-0.796	0.011966720177400421
-0.795	0.012165840064774638
-0.794	0.012372728022619815
-0.793	0.012587782805743577
-0.792	0.012811429967146707
-0.791	0.01304412399730927
-0.79	0.01328635066564156
-0.789	0.01353862958595882
-0.788	0.013801517030514894
-0.787	0.014075609020172403
-0.786	0.014361544721748309
-0.785	0.014660010187519765
-0.784	0.014971742476380046
-0.783	0.015297534201284175
-0.782	0.015638238553522407
-0.781	0.01599477486112497
-0.78	0.01636813474647407
-0.779	0.01675938895714476
-0.778	0.017169694954307927
-0.777	0.017600305354936487
-0.776	0.018052577337830458
-0.775	0.01852798313943853
-0.774	0.019028121783983217
-0.773	0.01955473221394597
-0.772	0.020109708012073704
-0.771	0.020695113935370605
-0.77	0.021313204515801338
-0.769	0.02196644502256704
-0.768	0.022657535127915168
-0.767	0.023389435673815108
-0.766	0.02416539900204101
-0.765	0.02498900338713119
-0.764	0.025864192202594567
-0.763	0.02679531855831621
-0.762	0.027787196274623553
-0.761	0.028845158209801134
-0.76	0.029975123137641325
-0.759	0.031183672585439012
-0.758	0.0324781392972761
-0.757	0.033866709290278185
-0.756	0.03535853983187668
-0.755	0.03696389609450744
-0.754	0.03869430975259367
-0.753	0.04056276338832607
-0.752	0.042583905281690426
-0.751	0.04477429999020432
-0.75	0.047152721086585
-0.749	0.0497404935242403
-0.748	0.0525618943359041
-0.747	0.055644621713778285
-0.746	0.05902034390712916
-0.745	0.06272534067959606
-0.744	0.06680125106339185
-0.743	0.07129594143052102
-0.742	0.07626450679640702
-0.741	0.08177041466420029
-0.74	0.08788679280096479
-0.739	0.09469784722210088
-0.738	0.10230036980105629
-0.737	0.11080524927506737
-0.736	0.12033882429678977
-0.735	0.13104379681616563
-0.734	0.14307923614958665
-0.733	0.1566189190990735
-0.732	0.1718468350662661
-0.731	0.18894810812762192
-0.73	0.20809285372729824
-0.729	0.22940969171508227
-0.728	0.2529450822000396
-0.727	0.2786050242620326
-0.726	0.3060782301254539
-0.725	0.33474650561729935
-0.724	0.36360041374240354
-0.723	0.39119562899041344
-0.722	0.4157006475075598
-0.721	0.4350836974606067
-0.72	0.44744699080475625
-0.719	0.45143909336443117
-0.718	0.4466006069520307
-0.717	0.43349084436353574
-0.716	0.4135342062295175
-0.715	0.3886602381406962
-0.714	0.36089350084444954
-0.713	0.33203246683117565
-0.712	0.30347797151429756
-0.711	0.27619712923490863
-0.71	0.25077318024104167
-0.709	0.22749164988907383
-0.708	0.20642924623636336
-0.707	0.18752893258486653
-0.706	0.1706563486777184
-0.705	0.15563887565594733
-0.704	0.14229091537161373
-0.703	0.1304291883473014
-0.702	0.1198812521938015
-0.701	0.11048964352755201
-0.7	0.10211332582180407
-0.699	0.09462756550395007
-0.698	0.08792295693981148
-0.697	0.08190404322013746
-0.696	0.07648779974382003
-0.695	0.07160213266329186
-0.694	0.06718447271465437
-0.693	0.06318050160861921
-0.692	0.05954302274811407
-0.691	0.056230973819176175
-0.69	0.053208571426550444
-0.689	0.05044457465741724
-0.688	0.04791165353283904
-0.687	0.04558584868592596
-0.686	0.04344610964653952
-0.685	0.04147390043508553
-0.684	0.039652862555428374
-0.683	0.037968526811272156
-0.682	0.03640806659307028
-0.681	0.03496008637022336
-0.68	0.03361444007234076
-0.679	0.03236207486060279
-0.678	0.03119489648777998
-0.677	0.030105653037134895
-0.676	0.029087834330227928
-0.675	0.028135584714691173
-0.674	0.02724362729715406
-0.673	0.026407197984088502
-0.672	0.025621987943366745
-0.671	0.024884093309447585
-0.67	0.024189971131810123
-0.669	0.023536400714990562
-0.668	0.02292044962392003
-0.667	0.022339443734029994
-0.666	0.021790940794974574
-0.665	0.021272707052473784
-0.664	0.02078269653692376
-0.663	0.020319032681892783
-0.662	0.01987999198196738
-0.661	0.019463989438910628
-0.66	0.019069565578820627
-0.659	0.018695374851824993
-0.658	0.018340175250567872
-0.657	0.018002819004968706
-0.656	0.017682244228984265
-0.655	0.01737746741083107
-0.654	0.017087576651698876
-0.653	0.016811725569720857
-0.652	0.016549127796131376
-0.651	0.016299051999360735
-0.65	0.016060817380480367
-0.649	0.015833789590084472
-0.648	0.015617377022510755
-0.647	0.01541102744838447
-0.646	0.01521422495091355
-0.645	0.015026487135256842
-0.644	0.014847362583703332
-0.643	0.014676428532402945
-0.642	0.014513288748031096
-0.641	0.014357571585098183
-0.64	0.014208928206670015
-0.639	0.014067030953081861
-0.638	0.013931571844835938
-0.637	0.01380226120729742
-0.636	0.013678826406067768
-0.635	0.013561010683037592
-0.634	0.01344857208412104
-0.633	0.013341282470563633
-0.632	0.013238926606509339
-0.631	0.01314130131622227
-0.63	0.013048214704991729
-0.629	0.012959485438316818
-0.628	0.01287494207447549
-0.627	0.01279442244603851
-0.626	0.012717773086298864
-0.625	0.012644848696954926
-0.624	0.01257551165371743
-0.623	0.012509631546808538
-0.622	0.012447084753590944
-0.621	0.012387754040807495
-0.62	0.012331528194131938
-0.619	0.012278301672929686
-0.618	0.012227974288307655
-0.617	0.01218045090269503
-0.616	0.012135641149344676
-0.615	0.012093459170279213
-0.614	0.0120538233713278
-0.613	0.012016656193010337
-0.612	0.011981883896127029
-0.611	0.011949436361003244
-0.61	0.011919246899423148
-0.609	0.01189125207836268
-0.608	0.011865391554701682
-0.607	0.011841607920159626
-0.606	0.011819846555757069
-0.605	0.011800055495159154
-0.604	0.011782185296305911
-0.603	0.011766188920779483
-0.602	0.011752021620399468
-0.601	0.011739640830575321
-0.6	0.011729006069979753
-0.599	0.01172007884613889
-0.598	0.011712822566564548
-0.597	0.011707202455080922
-0.596	0.011703185473022952
-0.595	0.011700740245006995
-0.594	0.011699836988995174
-0.593	0.011700447450394804
-0.592	0.011702544839952249
-0.591	0.011706103775217337
-0.59	0.011711100225370056
-0.589	0.011717511459215579
-0.588	0.011725315996166812
-0.587	0.011734493560046431
-0.586	0.011745025035551235
-0.585	0.011756892427232867
-0.584	0.011770078820858348
-0.583	0.011784568347023367
-0.582	0.011800346146899657
-0.581	0.011817398340005912
-0.58	0.011835711993898759
-0.579	0.01185527509568781
-0.578	0.01187607652528454
-0.577	0.011898106030301532
-0.576	0.01192135420252355
-0.575	0.011945812455877794
-0.574	0.011971473005835231
-0.573	0.011998328850179553
-0.572	0.012026373751085045
-0.571	0.012055602218448166
-0.57	0.01208600949442198
-0.569	0.012117591539105863
-0.568	0.012150345017346475
-0.567	0.012184267286609261
-0.566	0.012219356385882557
-0.565	0.012255611025579613
-0.564	0.012293030578406106
-0.563	0.01233161507116389
-0.562	0.01237136517746361
-0.561	0.012412282211321658
-0.56	0.012454368121618839
-0.559	0.012497625487400474
-0.558	0.012542057513999644
-0.557	0.01258766802996735
-0.556	0.012634461484795034
-0.555	0.012682442947417157
-0.554	0.012731618105482949
-0.553	0.012781993265388309
-0.552	0.012833575353060624
-0.551	0.012886371915490817
-0.55	0.012940391123008514
-0.549	0.012995641772297969
-0.548	0.01305213329015382
-0.547	0.01310987573797733
-0.546	0.013168879817015349
-0.545	0.013229156874345721
-0.544	0.01329071890961435
-0.543	0.013353578582530914
-0.542	0.013417749221131297
-0.541	0.01348324483081679
-0.54	0.01355008010418157
-0.539	0.013618270431641367
-0.538	0.01368783191287809
-0.537	0.013758781369116692
-0.536	0.013831136356252266
-0.535	0.0139049151788472
-0.534	0.013980136905019754
-0.533	0.0140568213822475
-0.532	0.014134989254110945
-0.531	0.014214661978004231
-0.53	0.014295861843842468
-0.529	0.014378611993796753
-0.528	0.014462936443090534
-0.527	0.014548860101892996
-0.526	0.014636408798347638
-0.525	0.014725609302776782
-0.524	0.014816489353105035
-0.523	0.014909077681547875
-0.522	0.015003404042614058
-0.521	0.015099499242473634
-0.52	0.015197395169746613
-0.519	0.015297124827770481
-0.518	0.015398722368408323
-0.517	0.015502223127463152
-0.516	0.015607663661767374
-0.515	0.01571508178802141
-0.514	0.01582451662345861
-0.513	0.015936008628419207
-0.512	0.016049599650920305
-0.511	0.016165332973314312
-0.51	0.016283253361133312
-0.509	0.016403407114223282
-0.508	0.016525842120277263
-0.507	0.01665060791088404
-0.506	0.01677775572021497
-0.505	0.01690733854647931
-0.504	0.01703941121628634
-0.503	0.017174030452060195
-0.502	0.017311254942662866
-0.501	0.01745114541738982
-0.5	0.017593764723512473
-0.499	0.017739177907552972
-0.498	0.017887452300487442
-0.497	0.018038657607086356
-0.496	0.01819286599961355
-0.495	0.018350152216118944
-0.494	0.01851059366357506
-0.493	0.01867427052612292
-0.492	0.01884126587871001
-0.491	0.019011665806420573
-0.49	0.019185559529818312
-0.489	0.019363039536641646
-0.488	0.019544201720214375
-0.487	0.019729145524957612
-0.486	0.01991797409941497
-0.485	0.020110794457229762
-0.484	0.02030771764654248
-0.483	0.020508858928308064
-0.482	0.020714337964066826
-0.481	0.02092427901373824
-0.48	0.021138811144047042
-0.479	0.021358068448232313
-0.478	0.02158219027773607
-0.477	0.021811321486616204
-0.476	0.022045612689482144
-0.475	0.02228522053380719
-0.474	0.022530307987534068
-0.473	0.02278104464295557
-0.472	0.023037607037924214
-0.471	0.0233001789955218
-0.47	0.02356895198340422
-0.469	0.023844125494126574
-0.468	0.024125907447852635
-0.467	0.02441451461895886
-0.466	0.02471017308815846
-0.465	0.025013118721896647
-0.464	0.025323597680904194
-0.463	0.025641866959944283
-0.462	0.02596819496094844
-0.461	0.02630286210191309
-0.46	0.026646161464117704
-0.459	0.02699839948043475
-0.458	0.02735989666772719
-0.457	0.027730988406577405
-0.456	0.028112025771861
-0.455	0.02850337641797519
-0.454	0.028905425522853124
-0.453	0.02931857679525098
-0.452	0.029743253550180822
-0.451	0.030179899857787684
-0.45	0.030628981771435842
-0.449	0.03109098864128126
-0.448	0.03156643452017037
-0.447	0.03205585966932477
-0.446	0.032559832171953955
-0.445	0.03307894966368987
-0.444	0.03361384118956682
-0.443	0.03416516919818648
-0.442	0.034733631684719574
-0.441	0.03531996449551722
-0.44	0.03592494380834386
-0.439	0.03654938880362017
-0.438	0.03719416454358946
-0.437	0.037860185078016174
-0.436	0.03854841679691012
-0.435	0.03925988205286754
-0.434	0.039995663077958585
-0.433	0.04075690622269878
-0.432	0.041544826547554835
-0.431	0.04236071280069283
-0.43	0.043205932819323396
-0.429	0.044081939396084104
-0.428	0.044990276656487894
-0.427	0.045932586998616784
-0.426	0.04691061865203951
-0.425	0.04792623391946021
-0.424	0.048981418171971734
-0.423	0.050078289677105974
-0.422	0.05121911034828222
-0.421	0.05240629751490935
-0.42	0.05364243682448476
-0.419	0.054930296401756756
-0.418	0.05627284240563264
-0.417	0.05767325614229818
-0.416	0.05913495291330813
-0.415	0.060661602800591644
-0.414	0.06225715361685481
-0.413	0.06392585628027954
-0.412	0.06567229290734258
-0.411	0.06750140795774813
-0.41	0.06941854281173432
-0.409	0.07142947421341403
-0.408	0.07354045707553156
-0.407	0.0757582722124914
-0.406	0.0780902796514286
-0.405	0.0805444782674436
-0.404	0.08312957260129557
-0.403	0.08585504784868316
-0.402	0.08873125416309832
-0.401	0.09176950159318169
-0.4	0.09498216718533327
-0.399	0.09838281602883979
-0.398	0.10198633831088347
-0.397	0.10580910479078783
-0.396	0.10986914350671424
-0.395	0.11418634100568932
-0.394	0.11878267195365326
-0.393	0.12368246165339065
-0.392	0.12891268679529233
-0.391	0.13450332071350757
-0.39	0.14048773054742097
-0.389	0.1469031350501605
-0.388	0.15379113338271966
-0.387	0.16119831713155924
-0.386	0.1691769800434374
-0.385	0.1777859426443302
-0.384	0.18709151206520758
-0.383	0.19716860110294804
-0.382	0.20810203486086215
-0.381	0.21998807828256817
-0.38	0.23293622351688054
-0.379	0.2470712822530828
-0.378	0.26253583472821823
-0.377	0.2794930935720679
-0.376	0.2981302461578227
-0.375	0.3186623421380462
-0.374	0.341336790757927
-0.373	0.36643852101253044
-0.372	0.39429582967048565
-0.371	0.42528688624340544
-0.37	0.4598467621136394
-0.369	0.49847467512899285
-0.368	0.5417408479838173
-0.367	0.5902919043082354
-0.366	0.644852977797452
-0.365	0.706223560276922
-0.364	0.7752624073350057
-0.363	0.8528543968982946
-0.362	0.9398490265829389
-0.361	1.0369564686372998
-0.36	1.144583731463448
-0.359	1.2625929151307296
-0.358	1.3899706262412637
-0.357	1.5244201552370016
-0.356	1.6619351332114136
-0.355	1.7964880796880887
-0.354	1.9200505208004877
-0.353	2.023194139424251
-0.352	2.0964127414915965
-0.351	2.1319989231889727
-0.35	2.125911215088199
-0.349	2.078865787460429
-0.348	1.996137583393592
-0.347	1.8861679193588992
-0.346	1.7586170517935864
-0.345	1.622608369629449
-0.344	1.4856171672206966
-0.343	1.353062405954454
-0.342	1.228409757399184
-0.341	1.1135356188655925
-0.34	1.0091580552612573
-0.339	0.9152254628039086
-0.338	0.83122098008249
-0.337	0.7563797904859081
-0.336	0.6898335168547619
-0.335	0.6307000758061211
-0.334	0.5781356031334463
-0.333	0.5313614084412429
-0.332	0.48967525777539095
-0.331	0.4524532988693048
-0.33	0.41914674356306697
-0.329	0.3892758951031797
-0.328	0.36242309093421604
-0.327	0.3382254747220202
-0.326	0.31636809819232414
-0.325	0.2965776001886966
-0.324	0.27861655977920796
-0.323	0.2622785341831466
-0.322	0.24738374601795513
-0.321	0.2337753621017786
-0.32	0.2213162978677848
-0.319	0.20988648120611053
-0.318	0.1993805135010517
-0.317	0.18970567153692328
-0.316	0.18078020050611948
-0.315	0.1725318548439955
-0.314	0.1648966496626461
-0.313	0.15781779099168225
-0.312	0.15124475780987556
-0.311	0.14513251298361865
-0.31	0.13944082376619074
-0.309	0.13413367551959593
-0.308	0.12917876486524038
-0.307	0.12454706061531999
-0.306	0.12021242264234677
-0.305	0.11615127036192735
-0.304	0.11234229377906355
-0.303	0.10876620111972238
-0.302	0.10540549797021087
-0.301	0.10224429360481523
-0.3	0.09926813082054732
-0.299	0.09646383613624454
-0.298	0.09381938766798087
-0.297	0.0913237983773728
-0.296	0.08896701271523437
-0.295	0.08673981495959775
-0.294	0.08463374778223612
-0.293	0.08264103977807101
-0.292	0.08075454086269851
-0.291	0.07896766458930356
-0.29	0.07727433656128155
-0.289	0.07566894822416895
-0.288	0.07414631541267278
-0.287	0.07270164110797205
-0.286	0.07133048192892322
-0.285	0.07002871793995527
-0.284	0.06879252540963811
-0.283	0.0676183521982969
-0.282	0.0665028954915981
-0.281	0.0654430816305694
-0.28	0.06443604781774066
-0.279	0.06347912550460046
-0.278	0.06256982528785832
-0.277	0.061705823161528076
-0.276	0.06088494798896586
-0.275	0.06010517007403211
-0.274	0.05936459072377194
-0.273	0.05866143270665563
-0.272	0.05799403152069726
-0.271	0.057360827394845625
-0.27	0.05676035795507129
-0.269	0.056191251493684743
-0.268	0.05565222078672992
-0.267	0.05514205740989938
-0.266	0.054659626508399915
-0.265	0.05420386198063422
-0.264	0.05377376203951903
-0.263	0.05336838511879119
-0.262	0.052986846094808436
-0.261	0.052628312797175364
-0.26	0.052292002784054374
-0.259	0.05197718036028919
-0.258	0.051683153818508215
-0.257	0.05140927288520163
-0.256	0.05115492635541936
-0.255	0.050919539901217406
-0.254	0.050702574040321656
-0.253	0.050503522252686534
-0.252	0.050321909233718994
-0.251	0.050157289273927444
-0.25	0.050009244755650994
-0.249	0.04987738475833696
-0.248	0.04976134376457319
-0.247	0.049660780459750045
-0.246	0.04957537661884033
-0.245	0.04950483607433783
-0.244	0.04944888375990464
-0.243	0.049407264824739505
-0.242	0.04937974381410232
-0.241	0.04936610391181833
-0.24	0.04936614624094048
-0.239	0.04937968921907455
-0.238	0.04940656796517165
-0.237	0.04944663375486954
-0.236	0.049499753521718204
-0.235	0.049565809401861706
-0.234	0.049644698319965624
-0.233	0.049736331614382276
-0.232	0.049840634699734716
-0.231	0.049957546765275335
-0.23	0.0500870205075396
-0.229	0.05022902189596913
-0.228	0.050383529970323665
-0.227	0.05055053666883783
-0.226	0.05073004668620745
-0.225	0.05092207736061447
-0.224	0.05112665858911657
-0.223	0.051343832770839405
-0.222	0.05157365477751944
-0.221	0.051816191951049535
-0.22	0.052071524127782126
-0.219	0.05233974368944427
-0.218	0.05262095564061869
-0.217	0.05291527771284048
-0.216	0.053222840495457446
-0.215	0.05354378759349808
-0.214	0.05387827581288866
-0.213	0.05422647537345952
-0.212	0.05458857015028095
-0.211	0.0549647579439701
-0.21	0.055355250780716785
-0.209	0.05576027524288372
-0.208	0.056180072831148085
-0.207	0.05661490035926933
-0.206	0.05706503038268888
-0.205	0.0575307516622957
-0.204	0.05801236966482568
-0.203	0.05851020710150493
-0.202	0.05902460450669598
-0.201	0.05955592085846633
-0.2	0.06010453424316668
-0.199	0.060670842566286694
-0.198	0.06125526431204897
-0.197	0.06185823935440712
-0.196	0.06248022982233519
-0.195	0.06312172102253161
-0.194	0.06378322242291679
-0.193	0.0644652687005761
-0.192	0.06516842085809742
-0.191	0.06589326741256914
-0.19	0.06664042566185222
-0.189	0.06741054303310984
-0.188	0.06820429851898466
-0.187	0.06902240420725017
-0.186	0.06986560691023852
-0.185	0.07073468990086355
-0.184	0.07163047476261865
-0.183	0.07255382336154015
-0.182	0.07350563994879265
-0.181	0.07448687340325746
-0.18	0.07549851962429731
-0.179	0.07654162408573453
-0.178	0.07761728456302526
-0.177	0.07872665404664507
-0.176	0.07987094385583428
-0.175	0.08105142696809017
-0.174	0.08226944158115637
-0.173	0.083526394925749
-0.172	0.08482376734890633
-0.171	0.0861631166896472
-0.17	0.08754608297061785
-0.169	0.08897439343158764
-0.168	0.09044986793307795
-0.167	0.09197442476106668
-0.166	0.09355008686666057
-0.165	0.09517898857788207
-0.164	0.09686338282432806
-0.163	0.09860564891945033
-0.162	0.10040830094964562
-0.161	0.10227399682426447
-0.16	0.1042055480461265
-0.159	0.10620593026821722
-0.158	0.10827829470903307
-0.157	0.11042598050661216
-0.156	0.1126525280997382
-0.155	0.11496169373425998
-0.154	0.1173574652030435
-0.153	0.11984407893992478
-0.152	0.12242603860133239
-0.151	0.12510813528418127
-0.15	0.12789546954544204
-0.149	0.13079347540770933
-0.148	0.13380794655642592
-0.147	0.13694506495851252
-0.146	0.1402114321593901
-0.145	0.1436141035462235
-0.144	0.14716062590018703
-0.143	0.15085907860026052
-0.142	0.15471811888621753
-0.141	0.15874703163989556
-0.14	0.16295578420249004
-0.139	0.16735508681261638
-0.138	0.1719564593265471
-0.137	0.17677230496988094
-0.136	0.1818159919707374
-0.135	0.18710194404050678
-0.134	0.19264574080170374
-0.133	0.19846422941649586
-0.132	0.20457564884747723
-0.131	0.2109997683882985
-0.13	0.21775804234072135
-0.129	0.22487378299224461
-0.128	0.23237235437152956
-0.127	0.24028138963551654
-0.126	0.24863103538210132
-0.125	0.2574542266970837
-0.124	0.2667869973476447
-0.123	0.2766688302434127
-0.122	0.2871430541200832
-0.121	0.2982572933833233
-0.12	0.31006397921089496
-0.119	0.32262093138276315
-0.118	0.33599202193356653
-0.117	0.35024793364843665
-0.116	0.36546702871079706
-0.115	0.38173634552995106
-0.114	0.3991527450109338
-0.113	0.41782423137876484
-0.112	0.4378714772510267
-0.111	0.4594295881030165
-0.11	0.4826501477453808
-0.109	0.5077035941113683
-0.108	0.5347819837216422
-0.107	0.5641022138572489
-0.106	0.5959097839117681
-0.105	0.6304831917511227
-0.104	0.6681390772167041
-0.103	0.7092382429892661
-0.102	0.7541927023365432
-0.101	0.8034739225954273
-0.1	0.8576224502945556
-0.099	0.9172591145053726
-0.098	0.9830980022860872
-0.097	1.0559613722096297
-0.096	1.1367965997168739
-0.095	1.2266951004304465
-0.094	1.3269129054057585
-0.093	1.4388920886282124
-0.092	1.564281453623421
-0.091	1.7049535952342976
-0.09	1.8630134063560424
-0.089	2.040789941171613
-0.088	2.2407988244139676
-0.087	2.4656556305595765
-0.086	2.7179115609191733
-0.085	2.99977176946463
-0.084	3.312646141427987
-0.083	3.6564783793757014
-0.082	4.028814717833042
-0.081	4.423630101028589
-0.08	4.830054477705204
-0.079	5.231349828767988
-0.078	5.604739384035618
-0.077	5.922832752950129
-0.076	6.1571606964066685
-0.075	6.283526686301276
-0.074	6.287702072248489
-0.073	6.1692190286437025
-0.072	5.9415005720332585
-0.071	5.628264144952055
-0.07	5.257878793737769
-0.069	4.857934465080912
-0.068	4.451569450627509
-0.067	4.05591924297621
-0.066	3.682206943991008
-0.065	3.336731986976502
-0.064	3.022140895759541
-0.063	2.7386136477314724
-0.062	2.484812060102685
-0.061	2.2585666622570346
-0.06	2.0573386073168383
-0.059	1.8785105403914597
-0.058	1.719557169385621
-0.057	1.5781359212687271
-0.056	1.452127018758344
-0.055	1.3396430690769086
-0.054	1.2390213450741707
-0.053	1.1488070992392831
-0.052	1.0677330065270532
-0.051	0.9946977258248216
-0.05	0.9287452391251889
-0.049	0.8690458080621941
-0.048	0.8148788972809435
-0.047	0.7656181316421758
-0.046	0.7207182003499403
-0.045	0.679703545072028
-0.044	0.6421586390677698
-0.043	0.6077196604098548
-0.042	0.5760673724562426
-0.041	0.5469210415204543
-0.04	0.520033240954008
-0.039	0.4951854102068924
-0.038	0.47218405561455934
-0.037	0.4508574960897804
-0.036	0.43105307138147103
-0.035	0.4126347431232098
-0.034	0.39548102966611887
-0.033	0.37948322485827296
-0.032	0.3645438586939463
-0.031	0.3505753643036532
-0.03	0.3374989212674162
-0.029	0.32524344986716874
-0.028	0.3137447347873307
-0.027	0.30294466004374654
-0.026	0.2927905396708976
-0.025	0.2832345310105177
-0.024	0.27423311939273937
-0.023	0.26574666464339486
-0.022	0.2577390012379194
-0.021	0.250177085095045
-0.02	0.24303068099677655
-0.019	0.23627208546387352
-0.018	0.22987588063230355
-0.017	0.22381871528593172
-0.016	0.21807910972083538
-0.015	0.2126372815610642
-0.014	0.20747499002611097
-0.013	0.20257539647662753
-0.012	0.19792293934522734
-0.011	0.19350322180047397
-0.01	0.1893029107001697
-0.009	0.18530964556974197
-0.008	0.1815119564969781
-0.007	0.17789918996911924
-0.006	0.1744614417953126
-0.005	0.1711894963591693
-0.004	0.16807477153481362
-0.003	0.16510926867713857
-0.002	0.16228552716458533
-0.001	0.15959658303191115
0.0	0.15703593128228494
0.001	0.15459749151358637
0.002	0.15227557653382506
0.003	0.15006486367586078
0.004	0.14796036855270203
0.005	0.14595742102212556
0.006	0.14405164315364438
0.007	0.14223892901236468
0.008	0.14051542609334086
0.009	0.1388775182569799
0.01	0.13732181003109928
0.011	0.13584511215865283
0.012	0.1344444282820848
0.013	0.13311694266593843
0.014	0.13186000886887525
0.015	0.13067113928478571
0.016	0.12954799548030613
0.017	0.1284883792629105
0.018	0.12749022441988528
0.019	0.1265515890740297
0.02	0.1256706486068889
0.021	0.12484568910481297
0.022	0.12407510128717003
0.023	0.12335737487969198
0.024	0.12269109339922853
0.025	0.12207492931916611
0.026	0.1215076395874743
0.027	0.12098806147179195
0.028	0.12051510870819096
0.029	0.12008776793228125
0.03	0.11970509537315822
0.031	0.1193662137923773
0.032	0.11907030965166682
0.033	0.11881663049449245
0.034	0.11860448252786575
0.035	0.11843322839196041
0.036	0.11830228510617899
0.037	0.11821112218129806
0.038	0.11815925988823263
0.039	0.11814626767479977
0.04	0.11817176272263544
0.041	0.11823540863713952
0.042	0.11833691426398867
0.043	0.11847603262637683
0.044	0.11865255997772446
0.045	0.11886633496513274
0.046	0.11911723789937533
0.047	0.11940519012768966
0.048	0.11973015350608789
0.049	0.12009212996833234
0.05	0.12049116118913049
0.051	0.12092732833949406
0.052	0.12140075193258247
0.053	0.12191159175871302
0.054	0.12246004690857448
0.055	0.12304635588402091
0.056	0.12367079679616293
0.057	0.12433368765080696
0.058	0.1250353867216229
0.059	0.1257762930117513
0.06	0.1265568468048934
0.061	0.12737753030726584
0.062	0.12823886838213655
0.063	0.12914142937901432
0.064	0.13008582605991414
0.065	0.13107271662549827
0.066	0.1321028058442645
0.067	0.13317684628836138
0.068	0.13429563968002042
0.069	0.13546003835303122
0.07	0.136670946834149
0.071	0.13792932354980564
0.072	0.13923618266401203
0.073	0.14059259605388333
0.074	0.14199969542980423
0.075	0.14345867460786768
0.076	0.1449707919428897
0.077	0.1465373729310129
0.078	0.14815981299167397
0.079	0.14983958043953788
0.08	0.15157821965788448
0.081	0.1533773544858881
0.082	0.1552386918332693
0.083	0.15716402553690667
0.084	0.15915524047521573
0.085	0.16121431695740737
0.086	0.16334333540616483
0.087	0.16554448135382704
0.088	0.1678200507738463
0.089	0.17017245577112472
0.09	0.17260423065682795
0.091	0.17511803843545526
0.092	0.17771667773432726
0.093	0.18040309020824505
0.094	0.18318036845493002
0.095	0.1860517644799591
0.096	0.1890206987533292
0.097	0.1920907699035271
0.098	0.19526576509909407
0.099	0.1985496711721869
0.1	0.2019466865436175
0.101	0.20546123401431157
0.102	0.20909797449416437
0.103	0.2128618217459242
0.104	0.21675795822906613
0.105	0.220791852136749
0.106	0.22496927572791553
0.107	0.22929632506654346
0.108	0.23377944129107042
0.109	0.23842543354925905
0.11	0.24324150374732906
0.111	0.2482352732773178
0.112	0.25341481190342113
0.113	0.2587886690068261
0.114	0.26436590740943994
0.115	0.2701561400202826
0.116	0.27616956957442146
0.117	0.2824170317635575
0.118	0.28891004209015253
0.119	0.29566084681375787
0.12	0.30268247839953094
0.121	0.3099888159254347
0.122	0.3175946509569752
0.123	0.3255157594574463
0.124	0.33376898036837194
0.125	0.342372301570347
0.126	0.3513449540199839
0.127	0.3607075149556639
0.128	0.37048202117497436
0.129	0.3806920935120585
0.13	0.3913630737858865
0.131	0.402522175653422
0.132	0.4141986509878485
0.133	0.42642397361516676
0.134	0.43923204248683584
0.135	0.4526594066467198
0.136	0.46674551467335984
0.137	0.4815329916504599
0.138	0.49706794714765207
0.139	0.5134003181897937
0.14	0.5305842517677309
0.141	0.5486785321101634
0.142	0.5677470587112097
0.143	0.5878593820105421
0.144	0.6090913046755249
0.145	0.631525557664758
0.146	0.6552525616924398
0.147	0.6803712864018395
0.148	0.7069902215405492
0.149	0.7352284767658739
0.15	0.7652170294625619
0.151	0.7971001432075949
0.152	0.8310369833641134
0.153	0.8672034608445531
0.154	0.9057943404903096
0.155	0.9470256569375963
0.156	0.9911374884748982
0.157	1.038397148482044
0.158	1.089102864853463
0.159	1.1435880306760051
0.16	1.2022261247351034
0.161	1.2654364185968294
0.162	1.3336906085429239
0.163	1.4075205360439529
0.164	1.4875271902716711
0.165	1.5743912208522755
0.166	1.6688852289650236
0.167	1.7718881499682626
0.168	1.8844020903049719
0.169	2.007572033650374
0.17	2.142708882257637
0.171	2.291316342021581
0.172	2.4551221811925776
0.173	2.636114371284873
0.174	2.8365825185939015
0.175	3.059164757285091
0.176	3.3068998062186448
0.177	3.5832830427932136
0.178	3.8923239864641177
0.179	4.238600158135129
0.18	4.627298361581697
0.181	5.064228261019418
0.182	5.55578367597224
0.183	6.108813020179051
0.184	6.730340542049477
0.185	7.427054040883065
0.186	8.20444468197168
0.187	9.065458719108042
0.188	10.00851983146063
0.189	11.024844718767108
0.19	12.095167491816069
0.191	13.186381653346446
0.192	14.249216872098966
0.193	15.218718037340437
0.194	16.019487522595867
0.195	16.576653183062703
0.196	16.830977374288942
0.197	16.75339137001721
0.198	16.352890336545695
0.199	15.674038634825491
0.2	14.78530093595232
0.201	13.763496101024161
0.202	12.680200420245285
0.203	11.593423111608585
0.204	10.544787419125512
0.205	9.56060104075426
0.206	8.654842257139949
0.207	7.832577486810221
0.208	7.092997008979039
0.209	6.431770675991624
0.21	5.842718302927214
0.211	5.318913357326536
0.212	4.853365821703503
0.213	4.439413917970409
0.214	4.070924968134147
0.215	3.7423769504413946
0.216	3.4488691546795742
0.217	3.186093376365427
0.218	2.950285364504028
0.219	2.7381684500243657
0.22	2.5468962644691078
0.221	2.373998309509909
0.222	2.217330212671325
0.223	2.075029362994972
0.224	1.9454759705922402
0.225	1.8272592470589197
0.226	1.7191482390758597
0.227	1.6200667895456506
0.228	1.529072102505591
0.229	1.445336421321397
0.23	1.3681313773208814
0.231	1.2968146182381985
0.232	1.230818377159864
0.233	1.169639690296573
0.234	1.1128320146206843
0.235	1.0599980338785935
0.236	1.0107834738722998
0.237	0.9648717756137228
0.238	0.9219794984999592
0.239	0.8818523455691606
0.24	0.8442617196830859
0.241	0.8090017336065295
0.242	0.7758866088253467
0.243	0.7447484079191118
0.244	0.7154350536858018
0.245	0.6878085952625508
0.246	0.6617436874159567
0.247	0.6371262541703188
0.248	0.613852312155186
0.249	0.5918269326121794
0.25	0.5709633240115934
0.251	0.5511820197802645
0.252	0.5324101578074949
0.253	0.5145808402369569
0.254	0.4976325636207644
0.255	0.4815087108501759
0.256	0.4661570974214617
0.257	0.4515295655752878
0.258	0.43758162068865086
0.259	0.4242721050210188
0.26	0.4115629045385489
0.261	0.39941868507701705
0.262	0.3878066545679113
0.263	0.37669634845367483
0.264	0.3660594357662317
0.265	0.35586954364537277
0.266	0.3461020983366911
0.267	0.33673418093806984
0.268	0.32774439636390984
0.269	0.3191127541712678
0.27	0.31082056004534003
0.271	0.30285031687611647
0.272	0.29518563447608037
0.273	0.28781114709267486
0.274	0.2807124379607187
0.275	0.2738759702206673
0.276	0.2672890235998991
0.277	0.26093963631727085
0.278	0.25481655172706597
0.279	0.2489091692680004
0.28	0.24320749932698177
0.281	0.23770212166644852
0.282	0.2323841470989762
0.283	0.2272451821239112
0.284	0.2222772962685346
0.285	0.21747299190103214
0.286	0.2128251763047463
0.287	0.20832713582303147
0.288	0.2039725119018671
0.289	0.19975527887336142
0.29	0.19566972333765878
0.291	0.1917104250137013
0.292	0.18787223894092409
0.293	0.18415027892448302
0.294	0.18053990212607304
0.295	0.17703669471096156
0.296	0.173636458469602
0.297	0.17033519833919075
0.298	0.1671291107568819
0.299	0.16401457278212667
0.3	0.1609881319308251
0.301	0.15804649666872436
0.302	0.15518652751580672
0.303	0.15240522871733939
0.304	0.14969974044082993
0.305	0.14706733146138995
0.306	0.14450539230098158
0.307	0.14201142878973455
0.308	0.1395830560200019
0.309	0.13721799266608778
0.31	0.1349140556446568
0.311	0.1326691550927333
0.312	0.13048128964194103
0.313	0.12834854196922948
0.314	0.12626907460580047
0.315	0.12424112598729235
0.316	0.12226300672951926
0.317	0.12033309611519766
0.318	0.11844983877814264
0.319	0.11661174157237818
0.32	0.11481737061449766
0.321	0.11306534848842502
0.322	0.1113543516024906
0.323	0.10968310768942757
0.324	0.10805039344054257
0.325	0.10645503226591103
0.326	0.10489589217299855
0.327	0.10337188375661943
0.328	0.10188195829361735
0.329	0.10042510593609154
0.33	0.09900035399739604
0.331	0.09760676532551882
0.332	0.09624343675879513
0.333	0.09490949765923505
0.334	0.09360410851904816
0.335	0.09232645963622459
0.336	0.0910757698552992
0.337	0.08985128536966079
0.338	0.08865227858200096
0.339	0.08747804701970273
0.34	0.08632791230216877
0.341	0.08520121915726973
0.342	0.0840973344842647
0.343	0.08301564646070587
0.344	0.08195556369098604
0.345	0.08091651439432862
0.346	0.07989794563014956
0.347	0.07889932255883929
0.348	0.0779201277361303
0.349	0.07695986043931924
0.35	0.07601803602371322
0.351	0.07509418530776273
0.352	0.07418785398543123
0.353	0.07329860206443314
0.354	0.07242600332904799
0.355	0.07156964482629274
0.356	0.07072912637429844
0.357	0.06990406009180414
0.358	0.06909406994773838
0.359	0.06829879132991541
0.36	0.06751787063192613
0.361	0.06675096485735275
0.362	0.06599774124048273
0.363	0.06525787688274172
0.364	0.06453105840410675
0.365	0.06381698160879816
0.366	0.06311535116458765
0.367	0.06242588029509259
0.368	0.06174829048445959
0.369	0.06108231119387204
0.37	0.06042767958934278
0.371	0.05978414028028436
0.372	0.05915144506836983
0.373	0.0585293527062265
0.374	0.05791762866552443
0.375	0.057316044914045045
0.376	0.05672437970133521
0.377	0.05614241735257056
0.378	0.05556994807027241
0.379	0.05500676774353795
0.38	0.054452677764460305
0.381	0.053907484851431195
0.382	0.05337100087903374
0.383	0.05284304271424513
0.384	0.052323432058684796
0.385	0.051811995296653646
0.386	0.05130856334872409
0.387	0.05081297153064984
0.388	0.05032505941737644
0.389	0.049844670711943206
0.39	0.049371653119076805
0.391	0.048905858223285706
0.392	0.04844714137127406
0.393	0.04799536155850067
0.394	0.04755038131971792
0.395	0.04711206662333128
0.396	0.04668028676942922
0.397	0.04625491429133752
0.398	0.04583582486056082
0.399	0.045422897194978634
0.4	0.04501601297016915
0.401	0.04461505673374122
0.402	0.044219915822556466
0.403	0.043830480282733446
0.404	0.04344664279232624
0.405	0.04306829858657616
0.406	0.042695345385640404
0.407	0.04232768332470349
0.408	0.04196521488638301
0.409	0.041607844835344784
0.41	0.04125548015504414
0.411	0.04090802998651662
0.412	0.040565405569141746
0.413	0.0402275201833085
0.414	0.039894289094912876
0.415	0.03956562950162168
0.416	0.03924146048083858
0.417	0.03892170293931176
0.418	0.03860627956432415
0.419	0.03829511477641054
0.42	0.03798813468354725
0.421	0.03768526703676256
0.422	0.03738644118711814
0.423	0.037091588044014016
0.424	0.03680064003477039
0.425	0.03651353106544294
0.426	0.03623019648282865
0.427	0.0359505730376218
0.428	0.03567459884868055
0.429	0.03540221336836652
0.43	0.03513335734892141
0.431	0.03486797280984539
0.432	0.0346060030062439
0.433	0.03434739239811064
0.434	0.03409208662051568
0.435	0.033840032454668593
0.436	0.03359117779982826
0.437	0.03334547164603114
0.438	0.033102864047611875
0.439	0.032863306097490136
0.44	0.032626749902199166
0.441	0.03239314855763213
0.442	0.03216245612548352
0.443	0.03193462761036323
0.444	0.03170961893756207
0.445	0.03148738693144847
0.446	0.03126788929447608
0.447	0.03105108458678381
0.448	0.030836932206369166
0.449	0.030625392369817993
0.45	0.030416426093572937
0.451	0.03020999517572418
0.452	0.030006062178307057
0.453	0.029804590410090426
0.454	0.029605543909841797
0.455	0.02940888743005434
0.456	0.02921458642112245
0.457	0.029022607015952207
0.458	0.028832916014994176
0.459	0.028645480871686106
0.46	0.028460269678293695
0.461	0.02827725115213751
0.462	0.028096394622195524
0.463	0.02791767001607017
0.464	0.027741047847309568
0.465	0.027566499203073025
0.466	0.027393995732131297
0.467	0.027223509633191895
0.468	0.027055013643540914
0.469	0.026888481027992444
0.47	0.026723885568137182
0.471	0.02656120155188233
0.472	0.02640040376327487
0.473	0.026241467472600692
0.474	0.026084368426752352
0.475	0.02592908283985842
0.476	0.025775587384167804
0.477	0.025623859181182318
0.478	0.025473875793031255
0.479	0.02532561521408223
0.48	0.025179055862782063
0.481	0.025034176573721877
0.482	0.024890956589922117
0.483	0.024749375555330612
0.484	0.02460941350753015
0.485	0.02447105087064973
0.486	0.024334268448475627
0.487	0.024199047417756827
0.488	0.02406536932170159
0.489	0.023933216063660254
0.49	0.023802569900990642
0.491	0.023673413439102328
0.492	0.023545729625675783
0.493	0.02341950174505326
0.494	0.02329471341279823
0.495	0.023171348570419296
0.496	0.023049391480256823
0.497	0.022928826720528463
0.498	0.022809639180530968
0.499	0.022691814055996226
0.5	0.02257533684459816
0.501	0.0224601933416091
0.502	0.022346369635702565
0.503	0.02223385210490111
0.504	0.022122627412666785
0.505	0.022012682504132575
0.506	0.02190400460247328
0.507	0.021796581205414178
0.508	0.021690400081875758
0.509	0.02158544926875403
0.51	0.02148171706783427
0.511	0.021379192042837857
0.512	0.02127786301660122
0.513	0.021177719068385722
0.514	0.02107874953131834
0.515	0.02098094398996247
0.516	0.02088429227801831
0.517	0.02078878447615275
0.518	0.020694410909958848
0.519	0.020601162148044635
0.52	0.020509029000251526
0.521	0.020418002516002974
0.522	0.020328073982783287
0.523	0.02023923492474793
0.524	0.02015147710146554
0.525	0.02006479250679295
0.526	0.01997917336788434
0.527	0.019894612144335546
0.528	0.019811101527465444
0.529	0.01972863443973564
0.53	0.019647204034310636
0.531	0.01956680369476034
0.532	0.019487427034907263
0.533	0.01940906789882083
0.534	0.01933172036096138
0.535	0.019255378726477108
0.536	0.019180037531656553
0.537	0.01910569154454065
0.538	0.019032335765697395
0.539	0.01895996542916351
0.54	0.018888576003557138
0.541	0.01881816319336592
0.542	0.01874872294041561
0.543	0.018680251425524073
0.544	0.018612745070346357
0.545	0.01854620053941635
0.546	0.018480614742391856
0.547	0.01841598483650903
0.548	0.01835230822925366
0.549	0.018289582581256666
0.55	0.018227805809421658
0.551	0.018166976090293167
0.552	0.018107091863674533
0.553	0.018048151836504635
0.554	0.017990154987004108
0.555	0.01793310056910115
0.556	0.017876988117148912
0.557	0.017821817450946027
0.558	0.017767588681073317
0.559	0.017714302214560183
0.56	0.0176619587608951
0.561	0.01761055933839551
0.562	0.017560105280953076
0.563	0.017510598245171947
0.564	0.017462040217917762
0.565	0.017414433524297043
0.566	0.017367780836087494
0.567	0.017322085180640816
0.568	0.01727734995028146
0.569	0.01723357891222569
0.57	0.017190776219047164
0.571	0.01714894641971683
0.572	0.017108094471246456
0.573	0.017068225750967458
0.574	0.017029346069477945
0.575	0.016991461684294083
0.576	0.01695457931424275
0.577	0.016918706154636445
0.578	0.016883849893272615
0.579	0.01685001872730351
0.58	0.016817221381024764
0.581	0.016785467124634676
0.582	0.016754765794019435
0.583	0.016725127811623167
0.584	0.01669656420846575
0.585	0.016669086647375417
0.586	0.01664270744750819
0.587	0.016617439610230544
0.588	0.016593296846447343
0.589	0.01657029360546289
0.59	0.016548445105468726
0.591	0.016527767365758866
0.592	0.016508277240779964
0.593	0.016489992456131742
0.594	0.01647293164664161
0.595	0.01645711439664596
0.596	0.016442561282620605
0.597	0.016429293918313527
0.598	0.016417335002544036
0.599	0.01640670836984552
0.6	0.016397439044141385
0.601	0.016389553295659314
0.602	0.016383078701304017
0.603	0.016378044208725972
0.604	0.01637448020434259
0.605	0.016372418585587637
0.606	0.016371892837687797
0.607	0.016372938115288314
0.608	0.01637559132927621
0.609	0.016379891239178133
0.61	0.016385878551540452
0.611	0.01639359602473389
0.612	0.016403088580661234
0.613	0.01641440342388792
0.614	0.016427590168759287
0.615	0.016442700975117082
0.616	0.01645979069328103
0.617	0.016478917019019875
0.618	0.016500140659300354
0.619	0.016523525509673752
0.62	0.01654913884423644
0.621	0.01657705151918706
0.622	0.016607338191097328
0.623	0.016640077551116746
0.624	0.016675352576446912
0.625	0.016713250800547818
0.626	0.016753864603678673
0.627	0.016797291525531485
0.628	0.01684363460188741
0.629	0.016893002727417464
0.63	0.016945511046960876
0.631	0.01700128137785065
0.632	0.01706044266611822
0.633	0.01712313147970172
0.634	0.017189492542108747
0.635	0.017259679310348636
0.636	0.0173338546013569
0.637	0.01741219127159014
0.638	0.017494872954980804
0.639	0.017582094865014393
0.64	0.017674064667335454
0.641	0.017771003430013213
0.642	0.01787314665941327
0.643	0.017980745430541602
0.644	0.018094067621765804
0.645	0.018213399264993206
0.646	0.018339046023714993
0.647	0.01847133481283392
0.648	0.01861061557590518
0.649	0.01875726323736733
0.65	0.01891167984955833
0.651	0.019074296956840965
0.652	0.019245578202051843
0.653	0.01942602220379503
0.654	0.019616165736890467
0.655	0.019816587252636766
0.656	0.020027910780550096
0.657	0.02025081025899957
0.658	0.020486014348805426
0.659	0.02073431179154535
0.66	0.02099655738320447
0.661	0.02127367864411432
0.662	0.02156668327810477
0.663	0.021876667527733717
0.664	0.022204825548714228
0.665	0.022552459945647346
0.666	0.022920993633387756
0.667	0.023311983214420167
0.668	0.023727134093217438
0.669	0.024168317584548016
0.67	0.024637590315122943
0.671	0.02513721626805799
0.672	0.025669691878850244
0.673	0.026237774661707153
0.674	0.026844515928247072
0.675	0.02749329825936089
0.676	0.02818787850843046
0.677	0.02893243725376562
0.678	0.02973163578434171
0.679	0.03059068190075162
0.68	0.03151540604861412
0.681	0.032512349581264026
0.682	0.03358886727998767
0.683	0.03475324665162003
0.684	0.03601484698350693
0.685	0.03738426167261401
0.686	0.03887350796482805
0.687	0.04049624894347146
0.688	0.04226805338487297
0.689	0.04420669992924181
0.69	0.04633253284443319
0.691	0.04866887738817145
0.692	0.05124252322195165
0.693	0.05408428419051421
0.694	0.05722964154270367
0.695	0.060719474495242766
0.696	0.06460087558167515
0.697	0.06892803634342783
0.698	0.07376316826095239
0.699	0.07917738924850827
0.7	0.08525144983102179
0.701	0.09207608408650192
0.702	0.09975163312921867
0.703	0.10838638382255794
0.704	0.11809277198807742
0.705	0.12898020578208524
0.706	0.14114279187995668
0.707	0.1546397972525048
0.708	0.1694665239135653
0.709	0.1855139736314218
0.71	0.20251817418810514
0.711	0.22000549937390174
0.712	0.2372493428548608
0.713	0.25326426866365054
0.714	0.26686959335224125
0.715	0.2768438522724087
0.716	0.2821562571173001
0.717	0.28221047242739733
0.718	0.27700394659980715
0.719	0.2671286275148623
0.72	0.25361271324607265
0.721	0.23767716366520572
0.722	0.22050380732162816
0.723	0.20308011687153013
0.724	0.18613493344938284
0.725	0.17014387389975724
0.726	0.1553724684895259
0.727	0.14193082477253957
0.728	0.12982437041585967
0.729	0.11899428266590725
0.73	0.10934670148901866
0.731	0.10077233769635181
0.732	0.09315879742136386
0.733	0.0863977931926095
0.734	0.08038896300008203
0.735	0.07504154533229379
0.736	0.07027476375508275
0.737	0.06601748037862844
0.738	0.062207471824844845
0.739	0.05879054352383133
0.74	0.05571960880382944
0.741	0.052953802814171794
0.742	0.050457666603427126
0.743	0.048200415925059054
0.744	0.04615529740088395
0.745	0.044299028178645956
0.746	0.04261131202501813
0.747	0.041074423545270286
0.748	0.03967285207490386
0.749	0.03839299723286417
0.75	0.03722290885248411
0.751	0.036152064835342994
0.752	0.03517118130390497
0.753	0.03427205020820684
0.754	0.033447400245545864
0.755	0.03269077757210745
0.756	0.03199644332294754
0.757	0.03135928541757024
0.758	0.030774742520465814
0.759	0.030238738357918238
0.76	0.029747624872417795
0.761	0.029298132931730874
0.762	0.028887329507849346
0.763	0.028512580407563416
0.764	0.028171517776332644
0.765	0.02786201171477544
0.766	0.02758214544608616
0.767	0.02733019355607132
0.768	0.027104602897824515
0.769	0.02690397581246631
0.77	0.02672705536763703
0.771	0.026572712358030465
0.772	0.02643993384842918
0.773	0.026327813070479014
0.774	0.026235540510677183
0.775	0.02616239604946724
0.776	0.026107742030529485
0.777	0.02607101715583402
0.778	0.026051731116203933
0.779	0.026049459879370733
0.78	0.026063841568095106
0.781	0.02609457287011903
0.782	0.0261414059297267
0.783	0.026204145677698513
0.784	0.026282647562600958
0.785	0.02637681565179257
0.786	0.02648660107535616
0.787	0.026612000790488
0.788	0.026753056647764388
0.789	0.02690985474424398
0.79	0.02708252505160799
0.791	0.027271241310552523
0.792	0.027476221185472906
0.793	0.027697726676170605
0.794	0.027936064785907662
0.795	0.028191588447673412
0.796	0.028464697713051896
0.797	0.028755841210622395
0.798	0.029065517883427528
0.799	0.02939427901774027
0.8	0.029742730578193974
0.801	0.030111535867345923
0.802	0.030501418530972615
0.803	0.030913165933888768
0.804	0.031347632934896896
0.805	0.03180574609366624
0.806	0.03228850834697744
0.807	0.032797004196924016
0.808	0.03333240545941801
0.809	0.03389597762780542
0.81	0.03448908691365929
0.811	0.03511320803502284
0.812	0.03576993283165856
0.813	0.036460979797400546
0.814	0.03718820463169985
0.815	0.03795361192612978
0.816	0.0387593681172512
0.817	0.03960781585513894
0.818	0.04050148995741481
0.819	0.04144313514225465
0.82	0.04243572576104743
0.821	0.04348248778279161
0.822	0.04458692331863195
0.823	0.045752838017012874
0.824	0.0469843717087615
0.825	0.048286032738197475
0.826	0.04966273648252726
0.827	0.05111984863899571
0.828	0.05266323394956203
0.829	0.05429931113864512
0.83	0.05603511496362501
0.831	0.057878366423752485
0.832	0.05983755234503107
0.833	0.06192201576147395
0.834	0.06414205875284375
0.835	0.0665090596827142
0.836	0.06903560711701459
0.837	0.07173565310240478
0.838	0.0746246889581616
0.839	0.07771994729938403
0.84	0.08104063468062793
0.841	0.08460820004808015
0.842	0.08844664513906143
0.843	0.09258288409771728
0.844	0.097047160916599
0.845	0.10187353490007785
0.846	0.10710044621363375
0.847	0.11277137576858887
0.848	0.11893561622419818
0.849	0.12564917378217177
0.85	0.13297582368541178
0.851	0.14098834583820707
0.852	0.1497699705636229
0.853	0.15941606785865184
0.854	0.17003611596844692
0.855	0.18175598558407005
0.856	0.19472057263352796
0.857	0.20909680245319395
0.858	0.2250770061895119
0.859	0.24288262876105682
0.86	0.26276815430138445
0.861	0.2850250106732457
0.862	0.3099850105797235
0.863	0.338022560617053
0.864	0.3695543616421464
0.865	0.40503455584818193
0.866	0.4449421584860622
0.867	0.48975607357135476
0.868	0.539911055794126
0.869	0.5957259289662333
0.87	0.6572940615077427
0.871	0.7243274405335196
0.872	0.7959531329086497
0.873	0.8704793547324563
0.874	0.9451818886862724
0.875	1.0162071879577328
0.876	1.0787257898992342
0.877	1.127455172015834
0.878	1.1575576729955994
0.879	1.1657125766667438
0.88	1.1509745931479574
0.881	1.1150352845258302
0.882	1.061760493036056
0.883	0.9962253383997651
0.884	0.9236587388895582
0.885	0.8486435720269182
0.886	0.7747085183103439
0.887	0.7042615264393464
0.888	0.6387330964504192
0.889	0.5788035330591148
0.89	0.52463151423203
0.891	0.47604454354214326
0.892	0.43268082998488855
0.893	0.39408685962898243
0.894	0.3597801482738777
0.895	0.3292869581144982
0.896	0.3021630974571921
0.897	0.27800384878289286
0.898	0.25644723547110776
0.899	0.23717342480439327
0.9	0.2199020576293026
0.901	0.20438861131932254
0.902	0.19042045458493126
0.903	0.17781296715317882
0.904	0.1664059200353885
0.905	0.1560602049744691
0.906	0.14665493909328886
0.907	0.1380849359456373
0.908	0.13025851628789237
0.909	0.12309562409445432
0.91	0.11652621135890774
0.911	0.11048885642788875
0.912	0.10492958341898562
0.913	0.0998008537418334
0.914	0.09506070433953703
0.915	0.09067201070778146
0.916	0.08660185589076584
0.917	0.08282098944182063
0.918	0.07930336276616659
0.919	0.07602572935349206
0.92	0.07296730019076321
0.921	0.07010944615717332
0.922	0.06743544047953623
0.923	0.06493023540149034
0.924	0.06258026812396408
0.925	0.0603732918340699
0.926	0.058298228277899475
0.927	0.05634503886914959
0.928	0.05450461177668431
0.929	0.05276866281393946
0.93	0.05112964827318185
0.931	0.04958068811778761
0.932	0.04811549817403545
0.933	0.04672833015720799
0.934	0.04541391853069535
0.935	0.04416743333602119
0.936	0.04298443825017468
0.937	0.0418608532276191
0.938	0.04079292117058396
0.939	0.03977717814503015
0.94	0.03881042672291148
0.941	0.037889712085651436
0.942	0.03701230057046249
0.943	0.03617566038138001
0.944	0.035377444221627814
0.945	0.034615473633978225
0.946	0.033887724861797155
0.947	0.03319231606605074
0.948	0.032527495753182624
0.949	0.03189163228586366
0.95	0.031283204363523526
0.951	0.03070079237259477
0.952	0.030143070517791873
0.953	0.02960879965573121
0.954	0.029096820760957973
0.955	0.028606048962146566
0.956	0.02813546809301906
0.957	0.02768412570850132
0.958	0.027251128521910663
0.959	0.026835638223633104
0.96	0.026436867645875103
0.961	0.02605407724173573
0.962	0.025686571850092512
0.963	0.025333697720683758
0.964	0.024994839776338675
0.965	0.024669419091598744
0.966	0.024356890569018144
0.967	0.02405674079625679
0.968	0.0237684860687159
0.969	0.023491670563928445
0.97	0.02322586465523235
0.971	0.02297066335343268
0.972	0.02272568486622192
0.973	0.022490569266082398
0.974	0.02226497725825758
0.975	0.022048589041157748
0.976	0.021841103252270216
0.977	0.02164223599328263
0.978	0.021451719928707015
0.979	0.021269303452819306
0.98	0.021094749920209512
0.981	0.020927836935674234
0.982	0.02076835569958612
0.983	0.020616110405241292
0.984	0.020470917685023682
0.985	0.020332606102539397
0.986	0.02020101568816028
0.987	0.020075997515687123
0.988	0.01995741331809185
0.989	0.019845135140534428
0.99	0.019739045029070576
0.991	0.019639034753678553
0.992	0.019545005564431856
0.993	0.019456867979839188
0.994	0.019374541606559048
0.995	0.019297954989879018
0.996	0.019227045494528902
0.997	0.01916175921557566
0.998	0.01910205091932629
0.999	0.01904788401434578
1.0	0.0189992305528813
1.001	0.018956071263173727
1.002	0.01891839561333476
1.003	0.018886201907674087
1.004	0.018859497416578802
1.005	0.018838298541279015
1.006	0.018822631015080884
1.007	0.018812530142915413
1.008	0.018808041081339863
1.009	0.018809219161443173
1.01	0.01881613025745054
1.011	0.018828851204199543
1.012	0.01884747026707646
1.013	0.018872087668461598
1.014	0.01890281617524285
1.015	0.01893978175252495
1.016	0.01898312428929581
1.017	0.01903299840252002
1.018	0.019089574326924198
1.019	0.01915303889863176
1.02	0.01922359664180909
1.021	0.01930147096861853
1.022	0.019386905504054353
1.023	0.019480165548686656
1.024	0.019581539693983328
1.025	0.019691341606746186
1.026	0.019809912001324297
1.027	0.019937620820688354
1.028	0.020074869650218624
1.029	0.02022209439122125
1.03	0.02037976822481548
1.031	0.020548404900995076
1.032	0.020728562392453697
1.033	0.02092084695827346
1.034	0.021125917668938704
1.035	0.021344491451484086
1.036	0.021577348722100556
1.037	0.02182533968339384
1.038	0.02208939137496647
1.039	0.022370515579349874
1.04	0.02266981770089709
1.041	0.022988506753448313
1.042	0.023327906613898053
1.043	0.023689468723781536
1.044	0.024074786450367765
1.045	0.02448561135330084
1.046	0.024923871643584023
1.047	0.02539169316981443
1.048	0.025891423323501635
1.049	0.02642565832272652
1.05	0.02699727441339086
1.051	0.027609463622304233
1.052	0.028265774809309425
1.053	0.028970160900016383
1.054	0.029727033340658664
1.055	0.03054132500691367
1.056	0.03141856302490665
1.057	0.03236495323144854
1.058	0.03338747831907527
1.059	0.034494012087373786
1.06	0.03569345266331848
1.061	0.03699587806696909
1.062	0.03841272808976289
1.063	0.039957017120483065
1.064	0.041643583289067254
1.065	0.04348938007372405
1.066	0.045513817276110306
1.067	0.0477391589069694
1.068	0.05019098585438884
1.069	0.052898730911238576
1.07	0.05589629229036244
1.071	0.05922272829598377
1.072	0.06292302896751586
1.073	0.06704894808318866
1.074	0.07165985750238398
1.075	0.07682355023231519
1.076	0.08261686106320922
1.077	0.0891258829563722
1.078	0.09644541840901923
1.079	0.10467709909003772
1.08	0.11392531570663354
1.081	0.12428971623765975
1.082	0.13585258471199166
1.083	0.14865902465443964
1.084	0.16268783927936603
1.085	0.17781191468060045
1.086	0.19374971422454912
1.087	0.21001524823212334
1.088	0.22588285516148723
1.089	0.24039284756099832
1.09	0.2524272624798925
1.091	0.2608707054474189
1.092	0.26483395620911976
1.093	0.2638713189884719
1.094	0.2581014835782237
1.095	0.24817459856309218
1.096	0.23510160806483793
1.097	0.2200235693632905
1.098	0.20400802510826796
1.099	0.18792305074165871
1.1	0.17239347365521393
1.101	0.15781565754356902
1.102	0.14440145428652068
1.103	0.13222901146381433
1.104	0.12128810966723913
1.105	0.11151544265140079
1.106	0.10281968462350338
1.107	0.09509808172263441
1.108	0.0882467354555896
1.109	0.08216651520809135
1.11	0.07676610158625201
1.111	0.07196323408404795
1.112	0.06768489007087386
1.113	0.06386686775961638
1.114	0.06045306981002377
1.115	0.05739466721810361
1.116	0.05464924770218294
1.117	0.05218000541846221
1.118	0.04995499985296955
1.119	0.047946494532633
1.12	0.04613037639358678
1.121	0.044485651398161484
1.122	0.04299400949140347
1.123	0.04163945109552583
1.124	0.04040796735186299
1.125	0.039287266805812404
1.126	0.0382665419349591
1.127	0.03733626969587501
1.128	0.036488041028643385
1.129	0.0357144149676676
1.13	0.03500879364404949
1.131	0.03436531502359237
1.132	0.033778760707604515
1.133	0.03324447653712121
1.134	0.03275830409253477
1.135	0.032316521477791245
1.136	0.03191579202887102
1.137	0.03155311979708998
1.138	0.03122581083497014
1.139	0.030931439461310804
1.14	0.030667818807208445
1.141	0.030432975049954684
1.142	0.030225124830256717
1.143	0.03004265542277965
1.144	0.02988410729290128
1.145	0.029748158725687018
1.146	0.02963361225803381
1.147	0.029539382683010117
1.148	0.029464486427745115
1.149	0.029408032133704243
1.15	0.02936921229160509
1.151	0.02934729580320891
1.152	0.029341621359309046
1.153	0.02935159153787323
1.154	0.029376667538857048
1.155	0.029416364483005244
1.156	0.029470247211261055
1.157	0.029537926529432865
1.158	0.02961905584971054
1.159	0.0297133281866379
1.16	0.029820473470369657
1.161	0.029940256144580495
1.162	0.030072473020349814
1.163	0.030216951360801138
1.164	0.03037354717429511
1.165	0.03054214369662509
1.166	0.030722650044991015
1.167	0.0309150000285771
1.168	0.031119151102366464
1.169	0.03133508345242755
1.17	0.03156279920232506
1.171	0.031802321731573435
1.172	0.032053695098175815
1.173	0.03231698355830404
1.174	0.032592271177078885
1.175	0.03287966152523332
1.176	0.033179277457179336
1.177	0.03349126096668045
1.178	0.03381577311694731
1.179	0.034152994042549685
1.18	0.034503123021064494
1.181	0.03486637861287882
1.182	0.03524299886803053
1.183	0.03563324159941581
1.184	0.0360373847221144
1.185	0.03645572665899796
1.186	0.036888586813184535
1.187	0.03733630610830043
1.188	0.03779924759790021
1.189	0.03827779714579548
1.19	0.03877236417943566
1.191	0.039283382518900394
1.192	0.03981131128447624
1.193	0.040356635886233935
1.194	0.04091986909947096
1.195	0.0415015522303727
1.196	0.042102256376742496
1.197	0.042722583789199964
1.198	0.04336316933881343
1.199	0.04402468209775702
1.2	0.04470782704023991
1.201	0.04541334687167915
1.202	0.04614202399485509
1.203	0.046894682622640196
1.204	0.04767219104779824
1.205	0.04847546408136008
1.206	0.049305465672163665
1.207	0.05016321172135091
1.208	0.0510497731069119
1.209	0.05196627893481648
1.21	0.05291392003484064
1.211	0.053893952720948934
1.212	0.05490770283799749
1.213	0.05595657011865362
1.214	0.057042032876753655
1.215	0.05816565306592337
1.216	0.059329081735139136
1.217	0.06053406491610247
1.218	0.06178244998081881
1.219	0.06307619251171209
1.22	0.06441736373096098
1.221	0.06580815854062846
1.222	0.06725090423057321
1.223	0.0687480699172131
1.224	0.0703022767829833
1.225	0.07191630919394298
1.226	0.07359312678148422
1.227	0.07533587758367635
1.228	0.07714791235250062
1.229	0.07903280014534188
1.23	0.08099434533270373
1.231	0.0830366061695075
1.232	0.08516391509467477
1.233	0.08738090094336702
1.234	0.08969251327848628
1.235	0.09210404907332394
1.236	0.09462118200590998
1.237	0.09724999465829735
1.238	0.09999701395119681
1.239	0.10286925018687942
1.24	0.10587424012178472
1.241	0.1090200945458977
1.242	0.11231555090966787
1.243	0.11577003161252081
1.244	0.11939370865122247
1.245	0.1231975754235179
1.246	0.12719352659453428
1.247	0.13139444706315676
1.248	0.1358143112157553
1.249	0.1404682938290513
1.25	0.14537289418657195
1.251	0.15054607520932242
1.252	0.15600741967678336
1.253	0.16177830593647927
1.254	0.16788210587759264
1.255	0.174344408386644
1.256	0.18119327202353383
1.257	0.18845951126864918
1.258	0.19617702141425647
1.259	0.20438314802676458
1.26	0.21311910791644695
1.261	0.2224304697478421
1.262	0.23236770384424985
1.263	0.24298681242665124
1.264	0.2543500535335915
1.265	0.2665267742554287
1.266	0.2795943717575432
1.267	0.2936394039477786
1.268	0.3087588756634132
1.269	0.32506173102476615
1.27	0.3426705882523399
1.271	0.361723759905286
1.272	0.38237760930511533
1.273	0.4048093029748682
1.274	0.42922002931939174
1.275	0.4558387654639844
1.276	0.4849266869385579
1.277	0.5167823281915463
1.278	0.5517476146294635
1.279	0.5902148969488207
1.28	0.6326351223657781
1.281	0.6795272688732036
1.282	0.7314891378117044
1.283	0.7892095304920325
1.284	0.853481700207017
1.285	0.9252177304772173
1.286	1.0054630797676019
1.287	1.0954098547561746
1.288	1.196406284182311
1.289	1.3099581577955743
1.29	1.4377153953233546
1.291	1.5814330920102828
1.292	1.7428910551264107
1.293	1.9237489696468069
1.294	2.125306672445362
1.295	2.3481331452370195
1.296	2.5915297881768864
1.297	2.8528147247543956
1.298	3.1264725064411056
1.299	3.403324759244976
1.3	3.6700395797193512
1.301	3.909452782927583
1.302	4.102178968874923
1.303	4.229659843438973
1.304	4.278088488116263
1.305	4.241888281511204
1.306	4.125243067932688
1.307	3.940942601787016
1.308	3.707102419438931
1.309	3.443208377020235
1.31	3.166885080169404
1.311	2.8920706919782457
1.312	2.628533606988341
1.313	2.3822765910457258
1.314	2.1563407096461047
1.315	1.9516656784217736
1.316	1.7678299960548085
1.317	1.6036138797005994
1.318	1.4573925667400207
1.319	1.3273928774369237
1.32	1.2118498353147444
1.321	1.1090949316220693
1.322	1.0176000011821553
1.323	0.9359936097815129
1.324	0.8630612861133652
1.325	0.7977369073493724
1.326	0.739089790700706
1.327	0.6863102241954765
1.328	0.638695004046484
1.329	0.5956338179419396
1.33	0.5565968709170582
1.331	0.5211238897674074
1.332	0.48881449507680425
1.333	0.4593198528291494
1.334	0.43233548227973767
1.335	0.4075950857644705
1.336	0.38486526861805437
1.337	0.3639410268038927
1.338	0.3446418923403221
1.339	0.3268086399068761
1.34	0.31030047090532337
1.341	0.2949926031195489
1.342	0.28077420470804954
1.343	0.2675466205212213
1.344	0.25522184671904724
1.345	0.24372121648527648
1.346	0.23297426542296715
1.347	0.22291775010859727
1.348	0.2134947974042096
1.349	0.20465416559489513
1.35	0.19634960133306462
1.351	0.18853927881960264
1.352	0.18118530970950508
1.353	0.17425331395993032
1.354	0.16771204329465467
1.355	0.16153305018599748
1.356	0.1556903962903327
1.357	0.15016039514805707
1.358	0.14492138469893823
1.359	0.13995352579124842
1.36	0.13523862339571427
1.361	0.1307599676885064
1.362	0.12650219255351355
1.363	0.12245114938380933
1.364	0.11859379434400828
1.365	0.11491808749675747
1.366	0.11141290240381142
1.367	0.10806794499041136
1.368	0.10487368061515087
1.369	0.10182126842002795
1.37	0.0989025021498521
1.371	0.09610975672937876
1.372	0.09343593997251563
1.373	0.09087444887272876
1.374	0.08841912998877992
1.375	0.0860642434966754
1.376	0.08380443052818341
1.377	0.08163468345961648
1.378	0.07955031885248252
1.379	0.07754695278089152
1.38	0.07562047830985474
1.381	0.07376704491431359
1.382	0.07198303965143338
1.383	0.07026506991867287
1.384	0.06860994764784388
1.385	0.06701467480099291
1.386	0.06547643004782117
1.387	0.063992556516634
1.388	0.06256055052175957
1.389	0.061178051180074196
1.39	0.059842830837949924
1.391	0.05855278623763821
1.392	0.05730593035901934
1.393	0.05610038487878682
1.394	0.054934373194672516
1.395	0.05380621396723903
1.396	0.05271431513621877
1.397	0.05165716837234132
1.398	0.05063334392918686
1.399	0.04964148586280957
1.4	0.04868030758979063
1.401	0.047748587756987246
1.402	0.04684516639861741
1.403	0.04596894135844806
1.404	0.04511886495679801
1.405	0.04429394088380521
1.406	0.04349322130201119
1.407	0.042715804142742356
1.408	0.041960830582090984
1.409	0.04122748268347847
1.41	0.04051498119488163
1.411	0.039822583489779094
1.412	0.039149581641792476
1.413	0.03849530062381056
1.414	0.03785909662315236
1.415	0.037240355465008555
1.416	0.03663849113704682
1.417	0.03605294440864382
1.418	0.035483181538755404
1.419	0.03492869306692641
1.42	0.03438899268241274
1.421	0.033863616166807844
1.422	0.03335212040597472
1.423	0.03285408246744824
1.424	0.03236909873983263
1.425	0.03189678413103972
1.426	0.03143677132253472
1.427	0.03098871007704713
1.428	0.03055226659749628
1.429	0.030127122935151116
1.43	0.029712976445318107
1.431	0.02930953928910923
1.432	0.02891653798010815
1.433	0.028533712975009527
1.434	0.028160818307574727
1.435	0.027797621265512128
1.436	0.02744390211017401
1.437	0.02709945383924561
1.438	0.026764081992914922
1.439	0.0264376045043303
1.44	0.026119851595507976
1.441	0.025810665720225424
1.442	0.025509901555854392
1.443	0.025217426046537685
1.444	0.024933118500622537
1.445	0.02465687074582023
1.446	0.02438858734619566
1.447	0.0241281858857951
1.448	0.023875597324526997
1.449	0.0236307664328169
1.45	0.023393652312601775
1.451	0.02316422901341267
1.452	0.022942486253663498
1.453	0.022728430258829785
1.454	0.022522084730018273
1.455	0.022323491958521565
1.456	0.022132714104389
1.457	0.02194983465987128
1.458	0.02177496012189673
1.459	0.021608221901585067
1.46	0.021449778503315583
1.461	0.02129981801114956
1.462	0.02115856092662188
1.463	0.021026263409228318
1.464	0.02090322097956346
1.465	0.020789772755255783
1.466	0.02068630630191126
1.467	0.02059326319557259
1.468	0.020511145410173237
1.469	0.020440522663626202
1.47	0.020382040880168262
1.471	0.020336431955111364
1.472	0.020304525042111558
1.473	0.020287259623461805
1.474	0.020285700671925217
1.475	0.020301056269568882
1.476	0.020334698116392096
1.477	0.020388185440784707
1.478	0.020463292916463323
1.479	0.020562043297689892
1.48	0.020686745606737385
1.481	0.02084003984380213
1.482	0.021024949336358505
1.483	0.021244941994328664
1.484	0.021504001873837407
1.485	0.021806712547661748
1.486	0.022158353786243513
1.487	0.022565012887943676
1.488	0.02303371152734019
1.489	0.02357254799970507
1.49	0.024190852884119773
1.491	0.02489935288687394
1.492	0.025710332127476067
1.493	0.02663777113378058
1.494	0.027697429478051646
1.495	0.02890681573567498
1.496	0.030284954945198377
1.497	0.03185181526972325
1.498	0.03362718937470415
1.499	0.03562874393360463
1.5	0.03786886650541982
