-1.5	0.0014304305007436227
-1.499	0.0014230038834237315
-1.498	0.0014168508440941252
-1.497	0.0014117225081164287
-1.496	0.001407348910277494
-1.495	0.0014034447399802433
-1.494	0.0013997290493477559
-1.493	0.0013959576420728742
-1.492	0.0013919591514075708
-1.491	0.001387660218469647
-1.49	0.0013830874969945495
-1.489	0.0013783448662485313
-1.488	0.0013735760521572462
-1.487	0.001368927518744788
-1.486	0.0013645224165745235
-1.485	0.0013604486282225799
-1.484	0.0013567580881655183
-1.483	0.001353472507012355
-1.482	0.0013505913103559809
-1.481	0.0013480992280654174
-1.48	0.0013459724124101605
-1.479	0.0013441828677796606
-1.478	0.0013427014048821822
-1.477	0.0013414994658393475
-1.476	0.0013405501543113732
-1.475	0.0013398287393376332
-1.474	0.001339312828985325
-1.473	0.001338982348278439
-1.472	0.0013388194094842076
-1.471	0.0013388081302369013
-1.47	0.0013389344331019761
-1.469	0.0013391858459939035
-1.468	0.0013395513139189
-1.467	0.0013400210270353631
-1.466	0.001340586266775551
-1.465	0.00134123926992693
-1.464	0.0013419731095926906
-1.463	0.0013427815914942754
-1.462	0.0013436591639274928
-1.461	0.0013446008397038423
-1.46	0.0013456021285179667
-1.459	0.0013466589783320468
-1.458	0.001347767724530053
-1.457	0.0013489250457534268
-1.456	0.001350127925477048
-1.455	0.0013513736185165833
-1.454	0.0013526596217747506
-1.453	0.0013539836486350658
-1.452	0.001355343606498567
-1.451	0.0013567375770332734
-1.45	0.001358163798769377
-1.449	0.0013596206517268665
-1.448	0.0013611066438077716
-1.447	0.0013626203987238284
-1.446	0.0013641606452630302
-1.445	0.0013657262077262735
-1.444	0.0013673159973888107
-1.443	0.0013689290048612601
-1.442	0.0013705642932419116
-1.441	0.0013722209919665865
-1.44	0.0013738982912747226
-1.439	0.0013755954372209327
-1.438	0.0013773117271704096
-1.437	0.0013790465057243208
-1.436	0.001380799161028109
-1.435	0.0013825691214213725
-1.434	0.0013843558523930362
-1.433	0.0013861588538098565
-1.432	0.0013879776573900743
-1.431	0.001389811824397301
-1.43	0.001391660943532599
-1.429	0.0013935246290051602
-1.428	0.0013954025187642382
-1.427	0.00139729427287683
-1.426	0.0013991995720373292
-1.425	0.0014011181161968235
-1.424	0.0014030496233010154
-1.423	0.001404993828126893
-1.422	0.001406950481209301
-1.421	0.0014089193478494296
-1.42	0.00141090020719809
-1.419	0.0014128928514072897
-1.418	0.0014148970848443067
-1.417	0.001416912723362984
-1.416	0.001418939593627497
-1.415	0.0014209775324842647
-1.414	0.001423026386378107
-1.413	0.0014250860108090849
-1.412	0.0014271562698268045
-1.411	0.0014292370355592325
-1.41	0.0014313281877733587
-1.409	0.0014334296134652482
-1.408	0.0014355412064772644
-1.407	0.0014376628671404195
-1.406	0.001439794501939983
-1.405	0.0014419360232026425
-1.404	0.0014440873488036582
-1.403	0.0014462484018925503
-1.402	0.0014484191106360325
-1.401	0.0014505994079769477
-1.4	0.0014527892314081115
-1.399	0.0014549885227600132
-1.398	0.0014571972280014577
-1.397	0.001459415297052238
-1.396	0.001461642683607068
-1.395	0.0014638793449699972
-1.394	0.0014661252418986454
-1.393	0.0014683803384576064
-1.392	0.0014706446018804302
-1.391	0.0014729180024396489
-1.39	0.0014752005133243234
-1.389	0.0014774921105246543
-1.388	0.001479792772723221
-1.387	0.0014821024811924265
-1.386	0.0014844212196978015
-1.385	0.0014867489744067811
-1.384	0.0014890857338026723
-1.383	0.0014914314886034573
-1.382	0.0014937862316852053
-1.381	0.001496149958009781
-1.38	0.0014985226645566404
-1.379	0.001500904350258462
-1.378	0.001503295015940415
-1.377	0.0015056946642628515
-1.376	0.0015081032996672517
-1.375	0.001510520928325236
-1.374	0.0015129475580904848
-1.373	0.0015153831984534205
-1.372	0.001517827860498494
-1.371	0.0015202815568639623
-1.37	0.001522744301704019
-1.369	0.0015252161106531635
-1.368	0.0015276970007927022
-1.367	0.0015301869906192834
-1.366	0.0015326861000153533
-1.365	0.001535194350221472
-1.364	0.0015377117638103754
-1.363	0.001540238364662723
-1.362	0.0015427741779444556
-1.361	0.001545319230085686
-1.36	0.0015478735487610645
-1.359	0.0015504371628715654
-1.358	0.001553010102527612
-1.357	0.0015555923990335262
-1.356	0.0015581840848732159
-1.355	0.001560785193697076
-1.354	0.0015633957603100573
-1.353	0.0015660158206608477
-1.352	0.0015686454118321522
-1.351	0.0015712845720320173
-1.35	0.0015739333405861747
-1.349	0.0015765917579313713
-1.348	0.0015792598656096625
-1.347	0.0015819377062636381
-1.346	0.0015846253236325555
-1.345	0.0015873227625493656
-1.344	0.001590030068938598
-1.343	0.0015927472898151069
-1.342	0.0015954744732836355
-1.341	0.0015982116685392081
-1.34	0.0016009589258683152
-1.339	0.0016037162966509007
-1.338	0.0016064838333631145
-1.337	0.00160926158958085
-1.336	0.0016120496199840313
-1.335	0.0016148479803616616
-1.334	0.0016176567276176231
-1.333	0.001620475919777216
-1.332	0.0016233056159944443
-1.331	0.0016261458765600395
-1.33	0.0016289967629102256
-1.329	0.0016318583376362245
-1.328	0.0016347306644944953
-1.327	0.0016376138084177318
-1.326	0.0016405078355265913
-1.325	0.001643412813142192
-1.324	0.0016463288097993503
-1.323	0.0016492558952606073
-1.322	0.0016521941405310038
-1.321	0.0016551436178736613
-1.32	0.0016581044008261384
-1.319	0.0016610765642176045
-1.318	0.0016640601841868248
-1.317	0.0016670553382009798
-1.316	0.0016700621050753297
-1.315	0.0016730805649937473
-1.314	0.0016761107995301211
-1.313	0.0016791528916706721
-1.312	0.0016822069258371718
-1.311	0.0016852729879111242
-1.31	0.0016883511652588884
-1.309	0.0016914415467578058
-1.308	0.001694544222823331
-1.307	0.001697659285437211
-1.306	0.0017007868281767268
-1.305	0.0017039269462450414
-1.304	0.0017070797365026727
-1.303	0.0017102452975001389
-1.302	0.0017134237295117955
-1.301	0.0017166151345709268
-1.3	0.0017198196165060912
-1.299	0.0017230372809788114
-1.298	0.0017262682355226055
-1.297	0.0017295125895834416
-1.296	0.0017327704545616368
-1.295	0.0017360419438552724
-1.294	0.0017393271729051595
-1.293	0.001742626259241429
-1.292	0.0017459393225317866
-1.291	0.0017492664846315072
-1.29	0.0017526078696352234
-1.289	0.0017559636039305873
-1.288	0.0017593338162538602
-1.287	0.0017627186377475225
-1.286	0.0017661182020199653
-1.285	0.0017695326452073596
-1.284	0.0017729621060377744
-1.283	0.0017764067258976524
-1.282	0.0017798666489007183
-1.281	0.0017833420219594352
-1.28	0.001786832994859105
-1.279	0.0017903397203347258
-1.278	0.001793862354150719
-1.277	0.0017974010551836505
-1.276	0.001800955985508075
-1.275	0.001804527310485636
-1.274	0.0018081151988575503
-1.273	0.00181171982284066
-1.272	0.0018153413582271568
-1.271	0.0018189799844881987
-1.27	0.0018226358848815467
-1.269	0.0018263092465634278
-1.268	0.0018300002607048156
-1.267	0.001833709122612321
-1.266	0.0018374360318539078
-1.265	0.0018411811923896733
-1.264	0.0018449448127079067
-1.263	0.0018487271059666982
-1.262	0.001852528290141345
-1.261	0.0018563485881778457
-1.26	0.0018601882281527704
-1.259	0.0018640474434398202
-1.258	0.0018679264728833987
-1.257	0.001871825560979558
-1.256	0.0018757449580646631
-1.255	0.0018796849205121834
-1.254	0.0018836457109380129
-1.253	0.0018876275984147561
-1.252	0.00189163085869543
-1.251	0.0018956557744470982
-1.25	0.001899702635494914
-1.249	0.0019037717390771554
-1.248	0.0019078633901118138
-1.247	0.0019119779014753573
-1.246	0.0019161155942943279
-1.245	0.001920276798250456
-1.244	0.0019244618519000476
-1.243	0.001928671103008408
-1.242	0.0019329049089001546
-1.241	0.001937163636826288
-1.24	0.0019414476643489853
-1.239	0.0019457573797450965
-1.238	0.0019500931824294385
-1.237	0.0019544554833989996
-1.236	0.001958844705699301
-1.235	0.0019632612849141778
-1.234	0.0019677056696803907
-1.233	0.0019721783222285184
-1.232	0.001976679718951741
-1.231	0.001981210351004148
-1.23	0.0019857707249304355
-1.229	0.0019903613633288513
-1.228	0.0019949828055495097
-1.227	0.0019996356084302285
-1.226	0.0020043203470723036
-1.225	0.002009037615658709
-1.224	0.0020137880283174693
-1.223	0.00201857222003311
-1.222	0.0020233908476093207
-1.221	0.0020282445906861764
-1.22	0.0020331341528155656
-1.219	0.00203806026259867
-1.218	0.0020430236748897237
-1.217	0.002048025172070507
-1.216	0.0020530655654004814
-1.215	0.0020581456964477475
-1.214	0.002063266438606508
-1.213	0.0020684286987071024
-1.212	0.002073633418725214
-1.211	0.002078881577597345
-1.21	0.0020841741931502695
-1.209	0.002089512324152776
-1.208	0.002094897072498734
-1.207	0.0021003295855312456
-1.206	0.0021058110585184973
-1.205	0.0021113427372928075
-1.204	0.0021169259210653893
-1.203	0.0021225619654303834
-1.202	0.0021282522855729964
-1.201	0.0021339983596977735
-1.2	0.0021398017326946027
-1.199	0.002145664020061524
-1.198	0.0021515869121052525
-1.197	0.0021575721784421625
-1.196	0.0021636216728247067
-1.195	0.0021697373383204738
-1.194	0.002175921212873791
-1.193	0.002182175435282551
-1.192	0.0021885022516262074
-1.191	0.002194904022184301
-1.19	0.002201383228888908
-1.189	0.0022079424833586193
-1.188	0.0022145845355665866
-1.187	0.002221312283200464
-1.186	0.0022281287817781433
-1.185	0.0022350372555897504
-1.184	0.002242041109543974
-1.183	0.002249143942004983
-1.182	0.002256349558715678
-1.181	0.002263661987913361
-1.18	0.0022710854967557727
-1.179	0.002278624609188545
-1.178	0.0022862841254000493
-1.177	0.0022940691430263054
-1.176	0.0023019850802875183
-1.175	0.0023100377012591038
-1.174	0.0023182331435042127
-1.173	0.002326577948322032
-1.172	0.0023350790938971716
-1.171	0.0023437440316705824
-1.17	0.0023525807262925465
-1.169	0.0023615976995637984
-1.168	0.002370804078822998
-1.167	0.0023802096502980974
-1.166	0.0023898249180073668
-1.165	0.002399661168873723
-1.164	0.002409730544805774
-1.163	0.0024200461226018817
-1.162	0.0024306220026524953
-1.161	0.0024414734075528465
-1.16	0.0024526167918967256
-1.159	0.0024640699647054012
-1.158	0.0024758522261587863
-1.157	0.0024879845205432187
-1.156	0.0025004896076185144
-1.155	0.002513392254942825
-1.154	0.002526719454086716
-1.153	0.0025405006641274963
-1.152	0.0025547680863541693
-1.151	0.0025695569747468065
-1.15	0.0025849059875399484
-1.149	0.0026008575860587088
-1.148	0.0026174584880547707
-1.147	0.002634760183997543
-1.146	0.0026528195262310716
-1.145	0.0026716994026332805
-1.144	0.002691469508464597
-1.143	0.0027122072325303764
-1.142	0.002733998676681889
-1.141	0.002756939831132097
-1.14	0.002781137932170516
-1.139	0.0028067130337466038
-1.138	0.002833799830193142
-1.137	0.0028625497742340495
-1.136	0.0028931335425330905
-1.135	0.002925743910559043
-1.134	0.0029605991096231777
-1.133	0.002997946751686727
-1.132	0.003038068421933668
-1.131	0.0030812850549397125
-1.13	0.003127963226955504
-1.129	0.003178522513131924
-1.128	0.0032334440721551363
-1.127	0.0032932806276765396
-1.126	0.0033586680092280385
-1.125	0.0034303383835579096
-1.124	0.0035091352318532072
-1.123	0.0035960299791799656
-1.122	0.0036921399122943283
-1.121	0.0037987465569485263
-1.12	0.003917312913107667
-1.119	0.0040494966979038845
-1.118	0.0041971547798746395
-1.117	0.004362330975836514
-1.116	0.004547214921074482
-1.115	0.004754053419429051
-1.114	0.004984987388354893
-1.113	0.005241777911406501
-1.112	0.005525376630045089
-1.111	0.0058352952546098374
-1.11	0.006168749184123343
-1.109	0.006519611476689979
-1.108	0.006877338566411256
-1.107	0.007226223177409339
-1.106	0.0075455381093653615
-1.105	0.007811198393549115
-1.104	0.007999253875758623
-1.103	0.008090713357507058
-1.102	0.008076199519502454
-1.101	0.007958495131812416
-1.1	0.00775177174986698
-1.099	0.007477876759248285
-1.098	0.007161365810988576
-1.097	0.006825146371448109
-1.096	0.006487802459689073
-1.095	0.006162681633895607
-1.094	0.0058582301266738275
-1.093	0.005578944772845086
-1.092	0.005326465642480954
-1.091	0.005100547892175147
-1.09	0.004899816537167006
-1.089	0.004722301964979907
-1.088	0.0045657939499114545
-1.087	0.004428060800172511
-1.086	0.004306975157681415
-1.085	0.004200578578367155
-1.084	0.004107107831726684
-1.083	0.004024998441167201
-1.082	0.003952875549709846
-1.081	0.0038895384363938903
-1.08	0.0038339425112502183
-1.079	0.0037851810072529585
-1.078	0.0037424675773633873
-1.077	0.003705120386991424
-1.076	0.0036725479257517044
-1.075	0.0036442365537436208
-1.074	0.0036197396861010634
-1.073	0.003598668466587248
-1.072	0.003580683762284941
-1.071	0.0035654893119317385
-1.07	0.0035528258710325607
-1.069	0.003542466212095198
-1.068	0.003534210855023422
-1.067	0.003527884419115441
-1.066	0.003523332503355071
-1.065	0.003520419015352345
-1.064	0.0035190238812832283
-1.063	0.0035190410795449163
-1.062	0.0035203769497147105
-1.061	0.0035229487359394775
-1.06	0.003526683330259453
-1.059	0.0035315161867470525
-1.058	0.003537390381866427
-1.057	0.003544255800264081
-1.056	0.003552068428398416
-1.055	0.0035607897411043484
-1.054	0.0035703861684504563
-1.053	0.0035808286321505965
-1.052	0.0035920921423975394
-1.051	0.00360415544734246
-1.05	0.003617000728591284
-1.049	0.0036306133370617322
-1.048	0.0036449815643711282
-1.047	0.003660096445629121
-1.046	0.003675951590110356
-1.045	0.0036925430367973047
-1.044	0.003709869132225724
-1.043	0.003727930428447209
-1.042	0.0037467295992537064
-1.041	0.003766271373096977
-1.04	0.0037865624813875095
-1.039	0.003807611621079579
-1.038	0.003829429430645466
-1.037	0.0038520284787181796
-1.036	0.003875423264840417
-1.035	0.0038996302319027273
-1.034	0.003924667789987248
-1.033	0.003950556351458715
-1.032	0.003977318377262754
-1.031	0.0040049784345058915
-1.03	0.004033563265502945
-1.029	0.004063101868588497
-1.028	0.004093625591100286
-1.027	0.004125168235056771
-1.026	0.004157766176168775
-1.025	0.004191458496949478
-1.024	0.004226287134818034
-1.023	0.004262297046233334
-1.022	0.004299536388046264
-1.021	0.004338056717424983
-1.02	0.004377913211888996
-1.019	0.004419164911188596
-1.018	0.004461874982987602
-1.017	0.004506111014554671
-1.016	0.0045519453329434505
-1.015	0.00459945535645112
-1.014	0.004648723980490975
-1.013	0.004699840001405918
-1.012	0.004752898582190015
-1.011	0.004808001764584867
-1.01	0.004865259032582649
-1.009	0.004924787933011192
-1.008	0.00498671475960738
-1.007	0.0050511753078205145
-1.006	0.005118315708539885
-1.005	0.005188293350032887
-1.004	0.0052612778986305874
-1.003	0.0053374524301358075
-1.002	0.005417014685581899
-1.001	0.005500178466878045
-1.0	0.005587175190077701
-0.999	0.005678255616555286
-0.998	0.0057736917853274785
-0.997	0.005873779173184453
-0.996	0.0059788391132832245
-0.995	0.006089221507502622
-0.994	0.006205307873284514
-0.993	0.006327514772031541
-0.992	0.006456297673567431
-0.991	0.006592155319894669
-0.99	0.006735634661749378
-0.989	0.006887336453546337
-0.988	0.007047921606577195
-0.987	0.0072181184171926744
-0.986	0.00739873080666693
-0.985	0.0075906477331135844
-0.984	0.0077948539639198676
-0.983	0.008012442430550614
-0.982	0.008244628427274747
-0.981	0.008492765962600107
-0.98	0.00875836662839869
-0.979	0.009043121418531702
-0.978	0.009348926008153995
-0.977	0.009677910098941821
-0.976	0.010032471546582905
-0.975	0.01041531611740401
-0.974	0.01082950387323644
-0.973	0.011278503359199141
-0.972	0.011766254968351658
-0.971	0.01229724507790073
-0.97	0.012876592786951548
-0.969	0.013510151320762762
-0.968	0.01420462637267323
-0.967	0.014967713781642859
-0.966	0.01580825890385106
-0.965	0.016736439686149646
-0.964	0.01776397455035674
-0.963	0.018904354368799073
-0.962	0.020173094447687914
-0.961	0.021587996589778315
-0.96	0.02316940152962708
-0.959	0.024940396148480582
-0.958	0.026926914731184977
-0.957	0.029157634796585362
-0.956	0.03166351028735774
-0.955	0.03447670251661279
-0.954	0.03762855926164775
-0.953	0.04114616133304706
-0.952	0.04504683403663573
-0.951	0.04932998660064747
-0.95	0.05396585595383614
-0.949	0.05888145700836571
-0.948	0.0639456014885596
-0.947	0.06895738425799032
-0.946	0.0736454831345174
-0.945	0.07768704695717471
-0.944	0.08075167731770361
-0.943	0.0825658670885728
-0.942	0.08297924438172857
-0.941	0.08200578295819977
-0.94	0.07982035875378866
-0.939	0.07671183466570279
-0.938	0.07301375053778085
-0.937	0.06903913231217773
-0.936	0.06503676179801895
-0.935	0.06117267616670065
-0.934	0.05753176539984803
-0.933	0.05413210400839123
-0.932	0.050946128694272654
-0.931	0.047924387727877805
-0.93	0.04501777846440996
-0.929	0.04219384128894042
-0.928	0.0394437483664419
-0.927	0.036779787850604685
-0.926	0.03422669321556276
-0.925	0.031811692901657564
-0.924	0.02955702089173967
-0.923	0.02747624347987263
-0.922	0.025573838422718948
-0.921	0.023846694221197347
-0.92	0.022286307422779886
-0.919	0.02088090550480158
-0.918	0.019617148398465234
-0.917	0.018481336306554064
-0.916	0.01746018471952661
-0.915	0.016541270050714416
-0.914	0.015713246457960222
-0.913	0.014965914728683048
-0.912	0.0142902019625726
-0.911	0.013678091928288305
-0.91	0.013122531787125488
-0.909	0.01261733095438985
-0.908	0.01215706126185928
-0.907	0.011736963350879363
-0.906	0.011352861606020587
-0.905	0.011001088378506992
-0.904	0.010678417363022155
-0.903	0.010382005525371012
-0.902	0.010109342765999856
-0.901	0.009858208440241312
-0.9	0.009626633874747503
-0.899	0.00941287008084026
-0.898	0.009215359945554212
-0.897	0.009032714266190746
-0.896	0.008863691076659673
-0.895	0.008707177789937286
-0.894	0.008562175749005191
-0.893	0.008427786838310991
-0.892	0.008303201859451024
-0.891	0.008187690419097457
-0.89	0.008080592114989082
-0.889	0.007981308837909798
-0.888	0.007889298034778584
-0.887	0.00780406680098564
-0.886	0.007725166689564481
-0.885	0.007652189141237621
-0.884	0.007584761453285414
-0.883	0.00752254321696422
-0.882	0.0074652231631796425
-0.881	0.00741251636458864
-0.88	0.007364161749500022
-0.879	0.007319919889067393
-0.878	0.007279571024489922
-0.877	0.007242913305395493
-0.876	0.007209761214396168
-0.875	0.007179944156075827
-0.874	0.007153305191478264
-0.873	0.007129699901579721
-0.872	0.007108995365312489
-0.871	0.0070910692395042465
-0.87	0.007075808929653695
-0.869	0.0070631108418114956
-0.868	0.007052879707006371
-0.867	0.007045027970675075
-0.866	0.007039475240442522
-0.865	0.007036147786373719
-0.864	0.007034978088497112
-0.863	0.007035904426992948
-0.862	0.007038870510962124
-0.861	0.0070438251421494945
-0.86	0.0070507219103998035
-0.859	0.00705951891798125
-0.858	0.007070178530227169
-0.857	0.007082667150225925
-0.856	0.007096955015537348
-0.855	0.007113016015134916
-0.854	0.007130827524969937
-0.853	0.007150370260729916
-0.852	0.007171628146521061
-0.851	0.007194588198346631
-0.85	0.007219240421380351
-0.849	0.007245577720149614
-0.848	0.0072735958208476285
-0.847	0.007303293205089005
-0.846	0.007334671054510093
-0.845	0.007367733205695383
-0.844	0.0074024861149847646
-0.843	0.007438938832784787
-0.842	0.007477102987070814
-0.841	0.007516992775826616
-0.84	0.007558624968224669
-0.839	0.007602018914404074
-0.838	0.0076471965637547705
-0.837	0.007694182491666749
-0.836	0.007743003934751636
-0.835	0.007793690834592254
-0.834	0.007846275890123213
-0.833	0.00790079461879364
-0.832	0.00795728542671124
-0.831	0.00801578968801618
-0.83	0.008076351833783664
-0.829	0.008139019450806521
-0.828	0.008203843390663254
-0.827	0.008270877889534265
-0.826	0.008340180699288971
-0.825	0.008411813230430429
-0.824	0.008485840707551744
-0.823	0.00856233233803158
-0.822	0.008641361494773733
-0.821	0.00872300591388023
-0.82	0.008807347908238125
-0.819	0.008894474598098931
-0.818	0.008984478159837007
-0.817	0.009077456094189834
-0.816	0.009173511515411056
-0.815	0.009272753462906711
-0.814	0.009375297237078228
-0.813	0.009481264761263963
-0.812	0.009590784971855828
-0.811	0.009703994238871555
-0.81	0.009821036819487344
-0.809	0.009942065347284257
-0.808	0.010067241360235795
-0.807	0.010196735870768116
-0.806	0.010330729981561372
-0.805	0.010469415551134452
-0.804	0.010612995913671446
-0.803	0.010761686658010717
-0.802	0.010915716471232776
-0.801	0.011075328052858617
-0.8	0.011240779106312174
-0.799	0.011412343415019002
-0.798	0.011590312011317544
-0.797	0.011774994447261038
-0.796	0.011966720177400178
-0.795	0.012165840064774383
-0.794	0.012372728022619553
-0.793	0.012587782805743308
-0.792	0.012811429967146428
-0.791	0.013044123997308968
-0.79	0.013286350665641251
-0.789	0.013538629585958497
-0.788	0.013801517030514557
-0.787	0.014075609020172053
-0.786	0.01436154472174794
-0.785	0.014660010187519374
-0.784	0.01497174247637965
-0.783	0.01529753420128375
-0.782	0.015638238553521974
-0.781	0.01599477486112451
-0.78	0.016368134746473584
-0.779	0.016759388957144246
-0.778	0.01716969495430738
-0.777	0.01760030535493591
-0.776	0.018052577337829858
-0.775	0.0185279831394379
-0.774	0.019028121783982548
-0.773	0.01955473221394526
-0.772	0.020109708012072958
-0.771	0.020695113935369828
-0.77	0.02131320451580049
-0.769	0.021966445022566145
-0.768	0.02265753512791422
-0.767	0.023389435673814105
-0.766	0.024165399002039938
-0.765	0.024989003387130043
-0.764	0.025864192202593343
-0.763	0.02679531855831489
-0.762	0.02778719627462215
-0.761	0.02884515820979963
-0.76	0.029975123137639698
-0.759	0.031183672585437267
-0.758	0.03247813929727421
-0.757	0.03386670929027616
-0.756	0.0353585398318745
-0.755	0.036963896094505067
-0.754	0.03869430975259109
-0.753	0.04056276338832328
-0.752	0.0425839052816874
-0.751	0.04477429999020101
-0.75	0.04715272108658139
-0.749	0.04974049352423633
-0.748	0.05256189433589974
-0.747	0.05564462171377351
-0.746	0.0590203439071239
-0.745	0.06272534067959026
-0.744	0.06680125106338544
-0.743	0.07129594143051388
-0.742	0.07626450679639911
-0.741	0.08177041466419147
-0.74	0.08788679280095496
-0.739	0.09469784722208982
-0.738	0.10230036980104384
-0.737	0.11080524927505338
-0.736	0.12033882429677406
-0.735	0.13104379681614783
-0.734	0.14307923614956664
-0.733	0.15661891909905096
-0.732	0.1718468350662406
-0.731	0.18894810812759327
-0.73	0.20809285372726619
-0.729	0.22940969171504663
-0.728	0.2529450822000005
-0.727	0.2786050242619906
-0.726	0.30607823012540963
-0.725	0.33474650561725433
-0.724	0.36360041374235985
-0.723	0.3911956289903739
-0.722	0.4157006475075281
-0.721	0.43508369746058645
-0.72	0.44744699080475
-0.719	0.4514390933644407
-0.718	0.44660060695205556
-0.717	0.43349084436357377
-0.716	0.41353420622956594
-0.715	0.388660238140751
-0.714	0.3608935008445072
-0.713	0.33203246683123316
-0.712	0.3034779715143532
-0.711	0.27619712923496076
-0.71	0.2507731802410897
-0.709	0.22749164988911758
-0.708	0.2064292462364027
-0.707	0.1875289325849017
-0.706	0.1706563486777498
-0.705	0.1556388756559753
-0.704	0.1422909153716387
-0.703	0.13042918834732364
-0.702	0.11988125219382136
-0.701	0.11048964352756972
-0.7	0.10211332582181998
-0.699	0.09462756550396435
-0.698	0.08792295693982433
-0.697	0.08190404322014905
-0.696	0.07648779974383052
-0.695	0.07160213266330137
-0.694	0.06718447271466299
-0.693	0.06318050160862707
-0.692	0.05954302274812126
-0.691	0.05623097381918275
-0.69	0.05320857142655644
-0.689	0.05044457465742276
-0.688	0.04791165353284415
-0.687	0.04558584868593066
-0.686	0.04344610964654387
-0.685	0.04147390043508956
-0.684	0.03965286255543211
-0.683	0.037968526811275626
-0.682	0.03640806659307352
-0.681	0.034960086370226365
-0.68	0.033614440072343564
-0.679	0.03236207486060542
-0.678	0.031194896487782443
-0.677	0.030105653037137203
-0.676	0.02908783433023009
-0.675	0.028135584714693216
-0.674	0.027243627297155976
-0.673	0.026407197984090316
-0.672	0.025621987943368455
-0.671	0.024884093309449195
-0.67	0.02418997113181164
-0.669	0.023536400714992002
-0.668	0.022920449623921393
-0.667	0.022339443734031284
-0.666	0.021790940794975792
-0.665	0.021272707052474943
-0.664	0.020782696536924855
-0.663	0.02031903268189382
-0.662	0.019879991981968374
-0.661	0.019463989438911575
-0.66	0.019069565578821526
-0.659	0.018695374851825847
-0.658	0.01834017525056869
-0.657	0.01800281900496949
-0.656	0.017682244228984997
-0.655	0.017377467410831782
-0.654	0.01708757665169956
-0.653	0.0168117255697215
-0.652	0.016549127796132
-0.651	0.01629905199936132
-0.65	0.016060817380480936
-0.649	0.015833789590085013
-0.648	0.015617377022511276
-0.647	0.015411027448384969
-0.646	0.015214224950914037
-0.645	0.0150264871352573
-0.644	0.014847362583703764
-0.643	0.014676428532403363
-0.642	0.014513288748031499
-0.641	0.014357571585098566
-0.64	0.014208928206670395
-0.639	0.014067030953082217
-0.638	0.013931571844836278
-0.637	0.013802261207297757
-0.636	0.013678826406068085
-0.635	0.01356101068303789
-0.634	0.013448572084121339
-0.633	0.013341282470563912
-0.632	0.013238926606509611
-0.631	0.013141301316222539
-0.63	0.01304821470499198
-0.629	0.012959485438317063
-0.628	0.012874942074475721
-0.627	0.012794422446038732
-0.626	0.012717773086299075
-0.625	0.01264484869695514
-0.624	0.012575511653717624
-0.623	0.012509631546808725
-0.622	0.012447084753591124
-0.621	0.01238775404080767
-0.62	0.012331528194132106
-0.619	0.012278301672929839
-0.618	0.012227974288307809
-0.617	0.012180450902695183
-0.616	0.012135641149344817
-0.615	0.012093459170279354
-0.614	0.012053823371327934
-0.613	0.012016656193010455
-0.612	0.011981883896127149
-0.611	0.011949436361003353
-0.61	0.011919246899423265
-0.609	0.011891252078362781
-0.608	0.011865391554701779
-0.607	0.011841607920159713
-0.606	0.011819846555757161
-0.605	0.011800055495159242
-0.604	0.011782185296305994
-0.603	0.01176618892077956
-0.602	0.011752021620399546
-0.601	0.01173964083057539
-0.6	0.011729006069979814
-0.599	0.011720078846138945
-0.598	0.011712822566564616
-0.597	0.011707202455080978
-0.596	0.011703185473023002
-0.595	0.011700740245007044
-0.594	0.011699836988995219
-0.593	0.011700447450394847
-0.592	0.011702544839952289
-0.591	0.011706103775217367
-0.59	0.011711100225370088
-0.589	0.011717511459215608
-0.588	0.011725315996166838
-0.587	0.011734493560046452
-0.586	0.011745025035551257
-0.585	0.011756892427232888
-0.584	0.011770078820858365
-0.583	0.011784568347023372
-0.582	0.011800346146899673
-0.581	0.011817398340005919
-0.58	0.011835711993898768
-0.579	0.011855275095687814
-0.578	0.011876076525284539
-0.577	0.011898106030301527
-0.576	0.011921354202523538
-0.575	0.011945812455877792
-0.574	0.011971473005835226
-0.573	0.01199832885017954
-0.572	0.012026373751085024
-0.571	0.012055602218448144
-0.57	0.012086009494421963
-0.569	0.012117591539105842
-0.568	0.012150345017346452
-0.567	0.012184267286609228
-0.566	0.012219356385882531
-0.565	0.012255611025579581
-0.564	0.012293030578406073
-0.563	0.012331615071163857
-0.562	0.012371365177463576
-0.561	0.012412282211321622
-0.56	0.0124543681216188
-0.559	0.012497625487400427
-0.558	0.012542057513999606
-0.557	0.012587668029967308
-0.556	0.012634461484794978
-0.555	0.012682442947417105
-0.554	0.012731618105482895
-0.553	0.012781993265388251
-0.552	0.012833575353060567
-0.551	0.012886371915490757
-0.55	0.012940391123008448
-0.549	0.012995641772297905
-0.548	0.013052133290153756
-0.547	0.013109875737977264
-0.546	0.013168879817015287
-0.545	0.013229156874345645
-0.544	0.013290718909614276
-0.543	0.013353578582530844
-0.542	0.013417749221131217
-0.541	0.013483244830816709
-0.54	0.013550080104181485
-0.539	0.013618270431641285
-0.538	0.013687831912878009
-0.537	0.01375878136911661
-0.536	0.01383113635625218
-0.535	0.013904915178847116
-0.534	0.013980136905019655
-0.533	0.014056821382247403
-0.532	0.014134989254110848
-0.531	0.01421466197800413
-0.53	0.014295861843842362
-0.529	0.014378611993796647
-0.528	0.014462936443090421
-0.527	0.014548860101892878
-0.526	0.014636408798347524
-0.525	0.014725609302776674
-0.524	0.014816489353104917
-0.523	0.014909077681547764
-0.522	0.015003404042613943
-0.521	0.01509949924247351
-0.52	0.015197395169746485
-0.519	0.015297124827770351
-0.518	0.015398722368408203
-0.517	0.015502223127463017
-0.516	0.015607663661767242
-0.515	0.015715081788021282
-0.514	0.01582451662345847
-0.513	0.015936008628419058
-0.512	0.016049599650920163
-0.511	0.016165332973314166
-0.51	0.016283253361133166
-0.509	0.01640340711422313
-0.508	0.016525842120277107
-0.507	0.01665060791088389
-0.506	0.016777755720214803
-0.505	0.016907338546479148
-0.504	0.017039411216286174
-0.503	0.01717403045206001
-0.502	0.01731125494266269
-0.501	0.017451145417389638
-0.5	0.017593764723512293
-0.499	0.017739177907552788
-0.498	0.017887452300487255
-0.497	0.018038657607086162
-0.496	0.01819286599961336
-0.495	0.018350152216118746
-0.494	0.01851059366357485
-0.493	0.018674270526122715
-0.492	0.018841265878709795
-0.491	0.019011665806420358
-0.49	0.01918555952981808
-0.489	0.01936303953664142
-0.488	0.019544201720214142
-0.487	0.019729145524957366
-0.486	0.019917974099414724
-0.485	0.020110794457229526
-0.484	0.020307717646542222
-0.483	0.02050885892830782
-0.482	0.020714337964066572
-0.481	0.02092427901373797
-0.48	0.021138811144046758
-0.479	0.021358068448232025
-0.478	0.02158219027773576
-0.477	0.021811321486615895
-0.476	0.022045612689481835
-0.475	0.022285220533806868
-0.474	0.022530307987533745
-0.473	0.02278104464295524
-0.472	0.023037607037923874
-0.471	0.023300178995521455
-0.47	0.023568951983403873
-0.469	0.023844125494126227
-0.468	0.024125907447852254
-0.467	0.02441451461895848
-0.466	0.02471017308815808
-0.465	0.02501311872189626
-0.464	0.0253235976809038
-0.463	0.025641866959943867
-0.462	0.02596819496094802
-0.461	0.02630286210191266
-0.46	0.026646161464117264
-0.459	0.026998399480434296
-0.458	0.027359896667726723
-0.457	0.02773098840657691
-0.456	0.028112025771860515
-0.455	0.02850337641797468
-0.454	0.0289054255228526
-0.453	0.029318576795250434
-0.452	0.02974325355018027
-0.451	0.030179899857787133
-0.45	0.030628981771435266
-0.449	0.031090988641280678
-0.448	0.03156643452016977
-0.447	0.032055859669324144
-0.446	0.03255983217195329
-0.445	0.03307894966368919
-0.444	0.03361384118956614
-0.443	0.034165169198185755
-0.442	0.03473363168471885
-0.441	0.035319964495516463
-0.44	0.03592494380834308
-0.439	0.03654938880361937
-0.438	0.037194164543588634
-0.437	0.037860185078015314
-0.436	0.03854841679690924
-0.435	0.03925988205286662
-0.434	0.03999566307795764
-0.433	0.0407569062226978
-0.432	0.04154482654755381
-0.431	0.04236071280069179
-0.43	0.04320593281932231
-0.429	0.04408193939608297
-0.428	0.04499027665648672
-0.427	0.045932586998615556
-0.426	0.04691061865203827
-0.425	0.047926233919458924
-0.424	0.04898141817197038
-0.423	0.050078289677104565
-0.422	0.051219110348280736
-0.421	0.05240629751490783
-0.42	0.05364243682448315
-0.419	0.0549302964017551
-0.418	0.0562728424056309
-0.417	0.05767325614229639
-0.416	0.059134952913306234
-0.415	0.06066160280058965
-0.414	0.06225715361685277
-0.413	0.06392585628027736
-0.412	0.06567229290734032
-0.411	0.06750140795774574
-0.41	0.0694185428117318
-0.409	0.0714294742134114
-0.408	0.07354045707552881
-0.407	0.07575827221248853
-0.406	0.07809027965142556
-0.405	0.08054447826744038
-0.404	0.08312957260129226
-0.403	0.08585504784867957
-0.402	0.08873125416309448
-0.401	0.0917695015931778
-0.4	0.09498216718532906
-0.399	0.09838281602883528
-0.398	0.10198633831087874
-0.397	0.10580910479078276
-0.396	0.10986914350670887
-0.395	0.11418634100568358
-0.394	0.1187826719536472
-0.393	0.12368246165338423
-0.392	0.12891268679528534
-0.391	0.1345033207135001
-0.39	0.14048773054741295
-0.389	0.146903135050152
-0.388	0.15379113338271047
-0.387	0.1611983171315493
-0.386	0.1691769800434268
-0.385	0.17778594264431863
-0.384	0.1870915120651951
-0.383	0.19716860110293438
-0.382	0.2081020348608474
-0.381	0.21998807828255212
-0.38	0.23293622351686313
-0.379	0.24707128225306363
-0.378	0.2625358347281973
-0.377	0.2794930935720448
-0.376	0.29813024615779726
-0.375	0.31866234213801814
-0.374	0.3413367907578962
-0.373	0.36643852101249635
-0.372	0.3942958296704474
-0.371	0.42528688624336325
-0.37	0.4598467621135916
-0.369	0.49847467512893945
-0.368	0.5417408479837572
-0.367	0.5902919043081684
-0.366	0.6448529777973765
-0.365	0.7062235602768369
-0.364	0.7752624073349104
-0.363	0.8528543968981872
-0.362	0.9398490265828185
-0.361	1.0369564686371653
-0.36	1.1445837314633003
-0.359	1.262592915130569
-0.358	1.3899706262410918
-0.357	1.5244201552368226
-0.356	1.661935133211235
-0.355	1.7964880796879188
-0.354	1.9200505208003387
-0.353	2.0231941394241373
-0.352	2.096412741491527
-0.351	2.131998923188958
-0.35	2.1259112150882404
-0.349	2.078865787460521
-0.348	1.9961375833937278
-0.347	1.886167919359063
-0.346	1.7586170517937685
-0.345	1.622608369629636
-0.344	1.4856171672208802
-0.343	1.353062405954629
-0.342	1.2284097573993462
-0.341	1.1135356188657415
-0.34	1.0091580552613912
-0.339	0.9152254628040295
-0.338	0.8312209800825975
-0.337	0.7563797904860041
-0.336	0.6898335168548467
-0.335	0.6307000758061967
-0.334	0.5781356031335136
-0.333	0.531361408441303
-0.332	0.4896752577754442
-0.331	0.45245329886935254
-0.33	0.4191467435631098
-0.329	0.3892758951032184
-0.328	0.3624230909342509
-0.327	0.33822547472205156
-0.326	0.3163680981923527
-0.325	0.2965776001887223
-0.324	0.2786165597792314
-0.323	0.26227853418316793
-0.322	0.24738374601797447
-0.321	0.23377536210179645
-0.32	0.22131629786780127
-0.319	0.20988648120612557
-0.318	0.19938051350106561
-0.317	0.1897056715369361
-0.316	0.18078020050613117
-0.315	0.17253185484400635
-0.314	0.16489664966265635
-0.313	0.15781779099169166
-0.312	0.1512447578098843
-0.311	0.14513251298362678
-0.31	0.13944082376619835
-0.309	0.13413367551960306
-0.308	0.12917876486524704
-0.307	0.12454706061532615
-0.306	0.1202124226423526
-0.305	0.11615127036193279
-0.304	0.11234229377906875
-0.303	0.10876620111972715
-0.302	0.10540549797021537
-0.301	0.10224429360481956
-0.3	0.09926813082055139
-0.299	0.09646383613624832
-0.298	0.09381938766798441
-0.297	0.09132379837737623
-0.296	0.0889670127152376
-0.295	0.0867398149596008
-0.294	0.08463374778223896
-0.293	0.0826410397780737
-0.292	0.08075454086270117
-0.291	0.078967664589306
-0.29	0.0772743365612839
-0.289	0.07566894822417115
-0.288	0.07414631541267487
-0.287	0.07270164110797404
-0.286	0.0713304819289251
-0.285	0.07002871793995707
-0.284	0.06879252540963984
-0.283	0.06761835219829852
-0.282	0.06650289549159966
-0.281	0.06544308163057089
-0.28	0.06443604781774206
-0.279	0.0634791255046018
-0.278	0.06256982528785959
-0.277	0.061705823161529304
-0.276	0.06088494798896702
-0.275	0.060105170074033216
-0.274	0.059364590723773016
-0.273	0.05866143270665664
-0.272	0.05799403152069817
-0.271	0.057360827394846506
-0.27	0.05676035795507215
-0.269	0.05619125149368557
-0.268	0.05565222078673072
-0.267	0.05514205740990012
-0.266	0.054659626508400616
-0.265	0.054203861980634885
-0.264	0.05377376203951968
-0.263	0.05336838511879178
-0.262	0.05298684609480898
-0.261	0.052628312797175905
-0.26	0.05229200278405483
-0.259	0.051977180360289685
-0.258	0.051683153818508645
-0.257	0.05140927288520205
-0.256	0.051154926355419746
-0.255	0.05091953990121779
-0.254	0.050702574040321975
-0.253	0.050503522252686825
-0.252	0.05032190923371926
-0.251	0.0501572892739277
-0.25	0.05000924475565121
-0.249	0.049877384758337195
-0.248	0.04976134376457338
-0.247	0.04966078045975022
-0.246	0.049575376618840525
-0.245	0.049504836074338
-0.244	0.049448883759904784
-0.243	0.04940726482473963
-0.242	0.04937974381410241
-0.241	0.0493661039118184
-0.24	0.049366146240940524
-0.239	0.0493796892190746
-0.238	0.04940656796517167
-0.237	0.049446633754869525
-0.236	0.049499753521718155
-0.235	0.049565809401861664
-0.234	0.04964469831996557
-0.233	0.04973633161438218
-0.232	0.04984063469973462
-0.231	0.04995754676527524
-0.23	0.050087020507539486
-0.229	0.05022902189596896
-0.228	0.050383529970323485
-0.227	0.05055053666883767
-0.226	0.05073004668620724
-0.225	0.05092207736061428
-0.224	0.05112665858911636
-0.223	0.05134383277083917
-0.222	0.05157365477751918
-0.221	0.05181619195104927
-0.22	0.05207152412778183
-0.219	0.052339743689443954
-0.218	0.05262095564061834
-0.217	0.052915277712840124
-0.216	0.05322284049545709
-0.215	0.053543787593497705
-0.214	0.053878275812888225
-0.213	0.05422647537345909
-0.212	0.05458857015028053
-0.211	0.05496475794396959
-0.21	0.0553552507807163
-0.209	0.0557602752428832
-0.208	0.056180072831147544
-0.207	0.05661490035926879
-0.206	0.05706503038268831
-0.205	0.05753075166229511
-0.204	0.05801236966482507
-0.203	0.05851020710150429
-0.202	0.059024604506695326
-0.201	0.059555920858465644
-0.2	0.060104534243165995
-0.199	0.06067084256628594
-0.198	0.06125526431204819
-0.197	0.06185823935440633
-0.196	0.062480229822334366
-0.195	0.06312172102253079
-0.194	0.06378322242291593
-0.193	0.06446526870057524
-0.192	0.0651684208580965
-0.191	0.0658932674125682
-0.19	0.06664042566185126
-0.189	0.06741054303310885
-0.188	0.0682042985189836
-0.187	0.06902240420724912
-0.186	0.06986560691023741
-0.185	0.0707346899008624
-0.184	0.07163047476261747
-0.183	0.07255382336153893
-0.182	0.07350563994879139
-0.181	0.07448687340325615
-0.18	0.07549851962429596
-0.179	0.07654162408573315
-0.178	0.07761728456302383
-0.177	0.0787266540466436
-0.176	0.07987094385583268
-0.175	0.08105142696808858
-0.174	0.08226944158115469
-0.173	0.08352639492574733
-0.172	0.0848237673489045
-0.171	0.08616311668964541
-0.17	0.08754608297061593
-0.169	0.08897439343158565
-0.168	0.0904498679330759
-0.167	0.09197442476106463
-0.166	0.09355008686665842
-0.165	0.0951789885778798
-0.164	0.09686338282432573
-0.163	0.09860564891944791
-0.162	0.10040830094964301
-0.161	0.10227399682426186
-0.16	0.10420554804612381
-0.159	0.1062059302682144
-0.158	0.10827829470903022
-0.157	0.11042598050660919
-0.156	0.11265252809973507
-0.155	0.11496169373425676
-0.154	0.11735746520304015
-0.153	0.11984407893992126
-0.152	0.12242603860132878
-0.151	0.12510813528417747
-0.15	0.1278954695454381
-0.149	0.13079347540770514
-0.148	0.13380794655642161
-0.147	0.13694506495850808
-0.146	0.14021143215938547
-0.145	0.1436141035462186
-0.144	0.147160625900182
-0.143	0.15085907860025527
-0.142	0.154718118886212
-0.141	0.15874703163988982
-0.14	0.162955784202484
-0.139	0.16735508681261
-0.138	0.17195645932654047
-0.137	0.17677230496987403
-0.136	0.1818159919707301
-0.135	0.187101944040499
-0.134	0.1926457408016956
-0.133	0.19846422941648736
-0.132	0.20457564884746818
-0.131	0.2109997683882891
-0.13	0.21775804234071133
-0.129	0.22487378299223423
-0.128	0.23237235437151865
-0.127	0.240281389635505
-0.126	0.24863103538208894
-0.125	0.2574542266970706
-0.124	0.26678699734763067
-0.123	0.27666883024339795
-0.122	0.2871430541200674
-0.121	0.2982572933833068
-0.12	0.31006397921087725
-0.119	0.32262093138274406
-0.118	0.3359920219335464
-0.117	0.350247933648415
-0.116	0.36546702871077413
-0.115	0.3817363455299266
-0.114	0.39915274501090725
-0.113	0.4178242313787364
-0.112	0.4378714772509959
-0.111	0.45942958810298357
-0.11	0.48265014774534504
-0.109	0.5077035941113297
-0.108	0.5347819837216006
-0.107	0.5641022138572036
-0.106	0.5959097839117189
-0.105	0.6304831917510691
-0.104	0.6681390772166457
-0.103	0.709238242989202
-0.102	0.754192702336473
-0.101	0.8034739225953499
-0.1	0.8576224502944708
-0.099	0.917259114505279
-0.098	0.9830980022859838
-0.097	1.0559613722095145
-0.096	1.136796599716746
-0.095	1.2266951004303037
-0.094	1.3269129054055984
-0.093	1.4388920886280347
-0.092	1.5642814536232206
-0.091	1.7049535952340729
-0.09	1.8630134063557893
-0.089	2.040789941171328
-0.088	2.240798824413647
-0.087	2.465655630559215
-0.086	2.71791156091877
-0.085	2.9997717694641803
-0.084	3.3126461414274906
-0.083	3.6564783793751574
-0.082	4.02881471783246
-0.081	4.42363010102798
-0.08	4.830054477704589
-0.079	5.2313498287673985
-0.078	5.604739384035093
-0.077	5.922832752949709
-0.076	6.157160696406403
-0.075	6.2835266863011965
-0.074	6.2877020722486
-0.073	6.169219028643998
-0.072	5.941500572033709
-0.071	5.628264144952619
-0.07	5.257878793738394
-0.069	4.857934465081563
-0.068	4.451569450628154
-0.067	4.0559192429768265
-0.066	3.682206943991583
-0.065	3.336731986977029
-0.064	3.0221408957600175
-0.063	2.7386136477318974
-0.062	2.484812060103067
-0.061	2.258566662257375
-0.06	2.057338607317141
-0.059	1.8785105403917297
-0.058	1.71955716938586
-0.057	1.578135921268941
-0.056	1.4521270187585351
-0.055	1.3396430690770784
-0.054	1.239021345074324
-0.053	1.1488070992394208
-0.052	1.0677330065271773
-0.051	0.9946977258249337
-0.05	0.9287452391252901
-0.049	0.8690458080622858
-0.048	0.8148788972810268
-0.047	0.765618131642252
-0.046	0.7207182003500098
-0.045	0.6797035450720917
-0.044	0.6421586390678284
-0.043	0.6077196604099088
-0.042	0.5760673724562921
-0.041	0.5469210415205003
-0.04	0.5200332409540505
-0.039	0.49518541020693163
-0.038	0.4721840556145959
-0.037	0.4508574960898144
-0.036	0.4310530713815028
-0.035	0.4126347431232393
-0.034	0.39548102966614673
-0.033	0.3794832248582988
-0.032	0.36454385869397044
-0.031	0.3505753643036758
-0.03	0.3374989212674373
-0.029	0.32524344986718856
-0.028	0.3137447347873495
-0.027	0.3029446600437643
-0.026	0.2927905396709144
-0.025	0.2832345310105335
-0.024	0.27423311939275435
-0.023	0.2657466646434091
-0.022	0.2577390012379329
-0.021	0.25017708509505787
-0.02	0.2430306809967886
-0.019	0.236272085463885
-0.018	0.2298758806323144
-0.017	0.22381871528594202
-0.016	0.21807910972084527
-0.015	0.21263728156107364
-0.014	0.20747499002612002
-0.013	0.2025753964766362
-0.012	0.1979229393452357
-0.011	0.19350322180048188
-0.01	0.1893029107001773
-0.009	0.18530964556974927
-0.008	0.18151195649698512
-0.007	0.17789918996912593
-0.006	0.1744614417953189
-0.005	0.1711894963591755
-0.004	0.16807477153481945
-0.003	0.16510926867714423
-0.002	0.1622855271645909
-0.001	0.15959658303191646
0.0	0.15703593128229
0.001	0.15459749151359117
0.002	0.15227557653382978
0.003	0.15006486367586536
0.004	0.14796036855270644
0.005	0.1459574210221297
0.006	0.1440516431536485
0.007	0.1422389290123686
0.008	0.14051542609334466
0.009	0.1388775182569836
0.01	0.1373218100311029
0.011	0.13584511215865636
0.012	0.13444442828208814
0.013	0.1331169426659416
0.014	0.13186000886887844
0.015	0.13067113928478877
0.016	0.12954799548030912
0.017	0.12848837926291334
0.018	0.12749022441988803
0.019	0.12655158907403236
0.02	0.1256706486068915
0.021	0.12484568910481561
0.022	0.12407510128717249
0.023	0.12335737487969438
0.024	0.12269109339923089
0.025	0.12207492931916841
0.026	0.12150763958747653
0.027	0.12098806147179411
0.028	0.12051510870819312
0.029	0.12008776793228333
0.03	0.11970509537316028
0.031	0.11936621379237933
0.032	0.11907030965166876
0.033	0.11881663049449438
0.034	0.11860448252786758
0.035	0.1184332283919622
0.036	0.11830228510618075
0.037	0.1182111221812998
0.038	0.11815925988823438
0.039	0.11814626767480148
0.04	0.11817176272263714
0.041	0.11823540863714119
0.042	0.11833691426399025
0.043	0.11847603262637847
0.044	0.11865255997772607
0.045	0.11886633496513428
0.046	0.11911723789937688
0.047	0.11940519012769117
0.048	0.11973015350608941
0.049	0.12009212996833384
0.05	0.12049116118913199
0.051	0.12092732833949554
0.052	0.12140075193258379
0.053	0.12191159175871438
0.054	0.12246004690857591
0.055	0.12304635588402227
0.056	0.12367079679616422
0.057	0.12433368765080825
0.058	0.1250353867216243
0.059	0.12577629301175258
0.06	0.12655684680489476
0.061	0.1273775303072672
0.062	0.12823886838213794
0.063	0.12914142937901554
0.064	0.1300858260599155
0.065	0.13107271662549966
0.066	0.13210280584426576
0.067	0.13317684628836268
0.068	0.13429563968002173
0.069	0.13546003835303247
0.07	0.1366709468341502
0.071	0.13792932354980691
0.072	0.1392361826640133
0.073	0.1405925960538847
0.074	0.14199969542980556
0.075	0.1434586746078689
0.076	0.144970791942891
0.077	0.14653737293101424
0.078	0.14815981299167522
0.079	0.1498395804395392
0.08	0.15157821965788576
0.081	0.1533773544858895
0.082	0.1552386918332707
0.083	0.15716402553690806
0.084	0.15915524047521715
0.085	0.16121431695740876
0.086	0.16334333540616622
0.087	0.1655444813538284
0.088	0.16782005077384776
0.089	0.17017245577112627
0.09	0.17260423065682948
0.091	0.1751180384354569
0.092	0.1777166777343289
0.093	0.18040309020824666
0.094	0.18318036845493166
0.095	0.18605176447996064
0.096	0.18902069875333083
0.097	0.19209076990352886
0.098	0.19526576509909574
0.099	0.1985496711721887
0.1	0.20194668654361936
0.101	0.20546123401431327
0.102	0.2090979744941664
0.103	0.21286182174592622
0.104	0.2167579582290681
0.105	0.22079185213675095
0.106	0.2249692757279178
0.107	0.22929632506654546
0.108	0.2337794412910728
0.109	0.2384254335492614
0.11	0.24324150374733153
0.111	0.24823527327732003
0.112	0.2534148119034237
0.113	0.2587886690068288
0.114	0.2643659074094425
0.115	0.2701561400202854
0.116	0.27616956957442423
0.117	0.2824170317635603
0.118	0.2889100420901555
0.119	0.2956608468137608
0.12	0.30268247839953416
0.121	0.3099888159254379
0.122	0.31759465095697875
0.123	0.3255157594574501
0.124	0.33376898036837566
0.125	0.3423723015703509
0.126	0.35134495401998794
0.127	0.3607075149556681
0.128	0.37048202117497886
0.129	0.3806920935120631
0.13	0.39136307378589086
0.131	0.402522175653427
0.132	0.41419865098785363
0.133	0.4264239736151719
0.134	0.4392320424868415
0.135	0.45265940664672544
0.136	0.4667455146733659
0.137	0.48153299165046654
0.138	0.4970679471476589
0.139	0.5134003181898011
0.14	0.5305842517677382
0.141	0.5486785321101713
0.142	0.5677470587112182
0.143	0.5878593820105512
0.144	0.6090913046755342
0.145	0.6315255576647679
0.146	0.6552525616924504
0.147	0.6803712864018496
0.148	0.706990221540561
0.149	0.7352284767658863
0.15	0.765217029462575
0.151	0.797100143207609
0.152	0.8310369833641279
0.153	0.8672034608445698
0.154	0.9057943404903267
0.155	0.9470256569376146
0.156	0.9911374884749178
0.157	1.038397148482065
0.158	1.089102864853486
0.159	1.1435880306760293
0.16	1.2022261247351298
0.161	1.2654364185968578
0.162	1.333690608542954
0.163	1.407520536043986
0.164	1.4875271902717064
0.165	1.5743912208523136
0.166	1.668885228965065
0.167	1.7718881499683097
0.168	1.884402090305023
0.169	2.00757203365043
0.17	2.1427088822576983
0.171	2.2913163420216502
0.172	2.455122181192652
0.173	2.636114371284954
0.174	2.8365825185939944
0.175	3.059164757285192
0.176	3.3068998062187553
0.177	3.5832830427933424
0.178	3.892323986464261
0.179	4.238600158135288
0.18	4.627298361581876
0.181	5.064228261019616
0.182	5.5557836759724655
0.183	6.108813020179306
0.184	6.730340542049763
0.185	7.4270540408833865
0.186	8.204444681972037
0.187	9.065458719108436
0.188	10.008519831461056
0.189	11.024844718767564
0.19	12.095167491816534
0.191	13.186381653346919
0.192	14.249216872099405
0.193	15.218718037340818
0.194	16.019487522596165
0.195	16.576653183062888
0.196	16.830977374288977
0.197	16.7533913700171
0.198	16.35289033654545
0.199	15.674038634825129
0.2	14.785300935951867
0.201	13.763496101023682
0.202	12.6802004202448
0.203	11.59342311160809
0.204	10.544787419125042
0.205	9.560601040753827
0.206	8.654842257139553
0.207	7.832577486809864
0.208	7.092997008978728
0.209	6.431770675991342
0.21	5.842718302926961
0.211	5.31891335732631
0.212	4.853365821703302
0.213	4.439413917970234
0.214	4.070924968133987
0.215	3.7423769504412525
0.216	3.4488691546794468
0.217	3.1860933763653123
0.218	2.9502853645039266
0.219	2.7381684500242773
0.22	2.546896264469027
0.221	2.373998309509834
0.222	2.217330212671257
0.223	2.075029362994909
0.224	1.9454759705921836
0.225	1.8272592470588673
0.226	1.7191482390758126
0.227	1.6200667895456076
0.228	1.5290721025055505
0.229	1.44533642132136
0.23	1.3681313773208474
0.231	1.296814618238167
0.232	1.230818377159834
0.233	1.169639690296546
0.234	1.1128320146206585
0.235	1.0599980338785704
0.236	1.0107834738722776
0.237	0.964871775613702
0.238	0.9219794984999399
0.239	0.8818523455691425
0.24	0.844261719683069
0.241	0.809001733606514
0.242	0.7758866088253316
0.243	0.7447484079190972
0.244	0.7154350536857884
0.245	0.687808595262539
0.246	0.6617436874159449
0.247	0.6371262541703075
0.248	0.6138523121551753
0.249	0.5918269326121696
0.25	0.5709633240115842
0.251	0.5511820197802555
0.252	0.5324101578074864
0.253	0.5145808402369488
0.254	0.49763256362075675
0.255	0.48150871085016833
0.256	0.4661570974214547
0.257	0.45152956557528107
0.258	0.43758162068864437
0.259	0.42427210502101226
0.26	0.411562904538543
0.261	0.39941868507701117
0.262	0.387806654567906
0.263	0.3766963484536695
0.264	0.3660594357662265
0.265	0.35586954364536844
0.266	0.3461020983366867
0.267	0.33673418093806534
0.268	0.3277443963639052
0.269	0.3191127541712635
0.27	0.3108205600453361
0.271	0.3028503168761126
0.272	0.2951856344760768
0.273	0.28781114709267147
0.274	0.2807124379607152
0.275	0.273875970220664
0.276	0.26728902359989587
0.277	0.2609396363172679
0.278	0.25481655172706297
0.279	0.24890916926799744
0.28	0.24320749932697894
0.281	0.23770212166644591
0.282	0.23238414709897337
0.283	0.22724518212390873
0.284	0.22227729626853202
0.285	0.21747299190102984
0.286	0.21282517630474396
0.287	0.2083271358230292
0.288	0.20397251190186502
0.289	0.1997552788733592
0.29	0.19566972333765675
0.291	0.19171042501369923
0.292	0.18787223894092217
0.293	0.18415027892448116
0.294	0.1805399021260711
0.295	0.17703669471095962
0.296	0.17363645846960032
0.297	0.17033519833918911
0.298	0.16712911075688033
0.299	0.164014572782125
0.3	0.1609881319308235
0.301	0.15804649666872284
0.302	0.1551865275158052
0.303	0.15240522871733786
0.304	0.14969974044082843
0.305	0.14706733146138853
0.306	0.14450539230098017
0.307	0.14201142878973316
0.308	0.1395830560200006
0.309	0.1372179926660865
0.31	0.1349140556446556
0.311	0.1326691550927322
0.312	0.13048128964193983
0.313	0.12834854196922835
0.314	0.12626907460579925
0.315	0.12424112598729126
0.316	0.12226300672951819
0.317	0.1203330961151966
0.318	0.1184498387781415
0.319	0.11661174157237722
0.32	0.11481737061449662
0.321	0.11306534848842396
0.322	0.11135435160248963
0.323	0.10968310768942663
0.324	0.10805039344054158
0.325	0.10645503226591012
0.326	0.10489589217299768
0.327	0.10337188375661853
0.328	0.10188195829361649
0.329	0.10042510593609066
0.33	0.09900035399739522
0.331	0.09760676532551803
0.332	0.0962434367587943
0.333	0.09490949765923432
0.334	0.09360410851904734
0.335	0.09232645963622378
0.336	0.0910757698552984
0.337	0.08985128536966003
0.338	0.08865227858200019
0.339	0.08747804701970198
0.34	0.08632791230216805
0.341	0.08520121915726898
0.342	0.08409733448426401
0.343	0.08301564646070515
0.344	0.0819555636909853
0.345	0.08091651439432794
0.346	0.07989794563014889
0.347	0.07889932255883861
0.348	0.07792012773612965
0.349	0.07695986043931859
0.35	0.07601803602371257
0.351	0.07509418530776213
0.352	0.07418785398543064
0.353	0.07329860206443253
0.354	0.07242600332904738
0.355	0.0715696448262921
0.356	0.07072912637429782
0.357	0.06990406009180357
0.358	0.06909406994773783
0.359	0.06829879132991482
0.36	0.06751787063192556
0.361	0.0667509648573522
0.362	0.06599774124048212
0.363	0.06525787688274115
0.364	0.06453105840410618
0.365	0.06381698160879765
0.366	0.06311535116458714
0.367	0.06242588029509205
0.368	0.06174829048445908
0.369	0.061082311193871475
0.37	0.06042767958934223
0.371	0.059784140280283865
0.372	0.059151445068369356
0.373	0.05852935270622599
0.374	0.05791762866552389
0.375	0.05731604491404456
0.376	0.05672437970133471
0.377	0.05614241735257005
0.378	0.055569948070271956
0.379	0.05500676774353749
0.38	0.05445267776445979
0.381	0.053907484851430695
0.382	0.05337100087903324
0.383	0.05284304271424466
0.384	0.05232343205868433
0.385	0.051811995296653174
0.386	0.05130856334872363
0.387	0.05081297153064936
0.388	0.05032505941737596
0.389	0.04984467071194276
0.39	0.049371653119076334
0.391	0.04890585822328527
0.392	0.04844714137127361
0.393	0.04799536155850024
0.394	0.04755038131971747
0.395	0.04711206662333086
0.396	0.04668028676942879
0.397	0.04625491429133711
0.398	0.04583582486056041
0.399	0.045422897194978155
0.4	0.04501601297016876
0.401	0.04461505673374078
0.402	0.044219915822556015
0.403	0.04383048028273304
0.404	0.04344664279232581
0.405	0.043068298586575765
0.406	0.04269534538564001
0.407	0.04232768332470306
0.408	0.04196521488638262
0.409	0.04160784483534437
0.41	0.04125548015504372
0.411	0.04090802998651621
0.412	0.04056540556914134
0.413	0.04022752018330808
0.414	0.03989428909491247
0.415	0.03956562950162129
0.416	0.03924146048083821
0.417	0.038921702939311374
0.418	0.038606279564323755
0.419	0.038295114776410136
0.42	0.03798813468354686
0.421	0.03768526703676216
0.422	0.03738644118711776
0.423	0.03709158804401365
0.424	0.036800640034770016
0.425	0.036513531065442556
0.426	0.03623019648282826
0.427	0.035950573037621426
0.428	0.035674598848680183
0.429	0.03540221336836614
0.43	0.035133357348921056
0.431	0.03486797280984502
0.432	0.034606003006243516
0.433	0.034347392398110264
0.434	0.03409208662051529
0.435	0.033840032454668226
0.436	0.033591177799827864
0.437	0.03334547164603075
0.438	0.033102864047611515
0.439	0.032863306097489775
0.44	0.03262674990219879
0.441	0.032393148557631764
0.442	0.032162456125483165
0.443	0.031934627610362865
0.444	0.031709618937561704
0.445	0.03148738693144811
0.446	0.03126788929447574
0.447	0.031051084586783455
0.448	0.03083693220636879
0.449	0.03062539236981764
0.45	0.030416426093572573
0.451	0.03020999517572383
0.452	0.030006062178306706
0.453	0.029804590410090065
0.454	0.029605543909841426
0.455	0.029408887430053966
0.456	0.029214586421122103
0.457	0.02902260701595184
0.458	0.02883291601499381
0.459	0.028645480871685766
0.46	0.028460269678293328
0.461	0.028277251152137157
0.462	0.028096394622195178
0.463	0.027917670016069814
0.464	0.027741047847309214
0.465	0.027566499203072675
0.466	0.027393995732130937
0.467	0.02722350963319153
0.468	0.027055013643540557
0.469	0.026888481027992076
0.47	0.026723885568136804
0.471	0.02656120155188197
0.472	0.026400403763274516
0.473	0.026241467472600345
0.474	0.026084368426752002
0.475	0.02592908283985808
0.476	0.025775587384167454
0.477	0.025623859181181936
0.478	0.025473875793030884
0.479	0.0253256152140819
0.48	0.025179055862781706
0.481	0.025034176573721555
0.482	0.024890956589921777
0.483	0.024749375555330255
0.484	0.02460941350752977
0.485	0.024471050870649377
0.486	0.024334268448475273
0.487	0.024199047417756483
0.488	0.02406536932170124
0.489	0.0239332160636599
0.49	0.02380256990099029
0.491	0.023673413439101967
0.492	0.023545729625675398
0.493	0.023419501745052917
0.494	0.023294713412797863
0.495	0.023171348570418943
0.496	0.02304939148025648
0.497	0.022928826720528102
0.498	0.022809639180530628
0.499	0.022691814055995872
0.5	0.022575336844597803
0.501	0.02246019334160873
0.502	0.022346369635702187
0.503	0.02223385210490075
0.504	0.022122627412666417
0.505	0.0220126825041322
0.506	0.021904004602472927
0.507	0.021796581205413803
0.508	0.0216904000818754
0.509	0.021585449268753675
0.51	0.021481717067833906
0.511	0.02137919204283751
0.512	0.021277863016600868
0.513	0.021177719068385347
0.514	0.02107874953131798
0.515	0.02098094398996212
0.516	0.020884292278017948
0.517	0.02078878447615238
0.518	0.02069441090995848
0.519	0.020601162148044253
0.52	0.02050902900025116
0.521	0.020418002516002603
0.522	0.020328073982782923
0.523	0.02023923492474756
0.524	0.020151477101465164
0.525	0.020064792506792585
0.526	0.019979173367883966
0.527	0.01989461214433518
0.528	0.019811101527465066
0.529	0.01972863443973526
0.53	0.01964720403431025
0.531	0.01956680369475996
0.532	0.019487427034906895
0.533	0.019409067898820447
0.534	0.019331720360961004
0.535	0.019255378726476723
0.536	0.019180037531656164
0.537	0.019105691544540268
0.538	0.01903233576569701
0.539	0.018959965429163134
0.54	0.018888576003556756
0.541	0.01881816319336552
0.542	0.01874872294041522
0.543	0.018680251425523688
0.544	0.018612745070345958
0.545	0.01854620053941596
0.546	0.018480614742391464
0.547	0.018415984836508636
0.548	0.018352308229253277
0.549	0.018289582581256278
0.55	0.018227805809421255
0.551	0.018166976090292775
0.552	0.018107091863674138
0.553	0.018048151836504253
0.554	0.01799015498700371
0.555	0.017933100569100743
0.556	0.017876988117148506
0.557	0.01782181745094563
0.558	0.017767588681072918
0.559	0.01771430221455978
0.56	0.01766195876089471
0.561	0.0176105593383951
0.562	0.017560105280952667
0.563	0.017510598245171545
0.564	0.017462040217917352
0.565	0.017414433524296648
0.566	0.017367780836087088
0.567	0.017322085180640403
0.568	0.017277349950281046
0.569	0.017233578912225274
0.57	0.017190776219046754
0.571	0.017148946419716416
0.572	0.01710809447124605
0.573	0.01706822575096703
0.574	0.01702934606947754
0.575	0.01699146168429367
0.576	0.016954579314242345
0.577	0.016918706154636032
0.578	0.0168838498932722
0.579	0.016850018727303098
0.58	0.016817221381024344
0.581	0.016785467124634246
0.582	0.016754765794019008
0.583	0.01672512781162275
0.584	0.01669656420846532
0.585	0.016669086647374987
0.586	0.01664270744750776
0.587	0.016617439610230114
0.588	0.01659329684644691
0.589	0.016570293605462447
0.59	0.016548445105468282
0.591	0.01652776736575844
0.592	0.016508277240779527
0.593	0.016489992456131298
0.594	0.01647293164664117
0.595	0.01645711439664552
0.596	0.016442561282620165
0.597	0.01642929391831307
0.598	0.016417335002543585
0.599	0.016406708369845063
0.6	0.01639743904414094
0.601	0.01638955329565887
0.602	0.01638307870130356
0.603	0.016378044208725524
0.604	0.016374480204342137
0.605	0.01637241858558718
0.606	0.016371892837687342
0.607	0.01637293811528785
0.608	0.01637559132927575
0.609	0.016379891239177657
0.61	0.016385878551539983
0.611	0.016393596024733417
0.612	0.01640308858066076
0.613	0.016414403423887437
0.614	0.0164275901687588
0.615	0.016442700975116614
0.616	0.016459790693280563
0.617	0.016478917019019386
0.618	0.01650014065929987
0.619	0.016523525509673277
0.62	0.016549138844235946
0.621	0.016577051519186564
0.622	0.016607338191096832
0.623	0.01664007755111625
0.624	0.016675352576446416
0.625	0.016713250800547308
0.626	0.016753864603678174
0.627	0.01679729152553098
0.628	0.0168436346018869
0.629	0.016893002727416954
0.63	0.016945511046960363
0.631	0.01700128137785013
0.632	0.017060442666117698
0.633	0.017123131479701195
0.634	0.017189492542108213
0.635	0.017259679310348105
0.636	0.01733385460135636
0.637	0.01741219127158959
0.638	0.017494872954980263
0.639	0.01758209486501385
0.64	0.0176740646673349
0.641	0.01777100343001265
0.642	0.0178731466594127
0.643	0.01798074543054103
0.644	0.01809406762176523
0.645	0.01821339926499262
0.646	0.018339046023714403
0.647	0.018471334812833338
0.648	0.01861061557590458
0.649	0.018757263237366713
0.65	0.01891167984955772
0.651	0.019074296956840344
0.652	0.01924557820205121
0.653	0.019426022203794396
0.654	0.01961616573688981
0.655	0.019816587252636107
0.656	0.020027910780549444
0.657	0.0202508102589989
0.658	0.020486014348804732
0.659	0.020734311791544665
0.66	0.020996557383203777
0.661	0.021273678644113603
0.662	0.021566683278104046
0.663	0.021876667527732964
0.664	0.022204825548713454
0.665	0.022552459945646565
0.666	0.02292099363338698
0.667	0.02331198321441936
0.668	0.023727134093216612
0.669	0.02416831758454716
0.67	0.024637590315122058
0.671	0.02513721626805709
0.672	0.02566969187884931
0.673	0.0262377746617062
0.674	0.026844515928246097
0.675	0.027493298259359863
0.676	0.028187878508429423
0.677	0.028932437253764536
0.678	0.029731635784340574
0.679	0.03059068190075044
0.68	0.031515406048612894
0.681	0.032512349581262735
0.682	0.03358886727998631
0.683	0.03475324665161859
0.684	0.03601484698350542
0.685	0.037384261672612405
0.686	0.038873507964826366
0.687	0.040496248943469655
0.688	0.042268053384871045
0.689	0.044206699929239805
0.69	0.046332532844431014
0.691	0.04866887738816912
0.692	0.051242523221949166
0.693	0.054084284190511395
0.694	0.05722964154270066
0.695	0.06071947449523946
0.696	0.0646008755816715
0.697	0.06892803634342383
0.698	0.07376316826094796
0.699	0.0791773892485034
0.7	0.08525144983101637
0.701	0.09207608408649594
0.702	0.09975163312921193
0.703	0.1083863838225505
0.704	0.11809277198806904
0.705	0.12898020578207595
0.706	0.1411427918799464
0.707	0.15463979725249352
0.708	0.169466523913553
0.709	0.18551397363140879
0.71	0.2025181741880915
0.711	0.22000549937388816
0.712	0.2372493428548478
0.713	0.25326426866363894
0.714	0.2668695933522319
0.715	0.2768438522724026
0.716	0.282156257117298
0.717	0.2822104724273994
0.718	0.27700394659981314
0.719	0.26712862751487154
0.72	0.25361271324608414
0.721	0.2376771636652187
0.722	0.2205038073216414
0.723	0.20308011687154345
0.724	0.18613493344939552
0.725	0.17014387389976904
0.726	0.15537246848953665
0.727	0.14193082477254915
0.728	0.1298243704158682
0.729	0.11899428266591476
0.73	0.10934670148902534
0.731	0.10077233769635771
0.732	0.09315879742136901
0.733	0.08639779319261408
0.734	0.08038896300008595
0.735	0.07504154533229723
0.736	0.07027476375508576
0.737	0.06601748037863105
0.738	0.062207471824847156
0.739	0.0587905435238333
0.74	0.05571960880383117
0.741	0.05295380281417329
0.742	0.05045766660342846
0.743	0.04820041592506016
0.744	0.04615529740088495
0.745	0.044299028178646796
0.746	0.04261131202501879
0.747	0.04107442354527078
0.748	0.03967285207490431
0.749	0.03839299723286456
0.75	0.0372229088524844
0.751	0.03615206483534323
0.752	0.03517118130390513
0.753	0.034272050208206936
0.754	0.03344740024554592
0.755	0.03269077757210741
0.756	0.031996443322947474
0.757	0.031359285417570125
0.758	0.030774742520465664
0.759	0.03023873835791804
0.76	0.02974762487241756
0.761	0.0292981329317306
0.762	0.028887329507849054
0.763	0.028512580407563097
0.764	0.028171517776332297
0.765	0.027862011714775054
0.766	0.027582145446085754
0.767	0.027330193556070904
0.768	0.027104602897824077
0.769	0.02690397581246586
0.77	0.02672705536763656
0.771	0.02657271235802996
0.772	0.026439933848428684
0.773	0.026327813070478483
0.774	0.026235540510676655
0.775	0.026162396049466692
0.776	0.026107742030528895
0.777	0.02607101715583344
0.778	0.02605173111620335
0.779	0.026049459879370136
0.78	0.02606384156809448
0.781	0.026094572870118415
0.782	0.02614140592972607
0.783	0.02620414567769784
0.784	0.026282647562600292
0.785	0.026376815651791882
0.786	0.026486601075355488
0.787	0.02661200079048731
0.788	0.026753056647763694
0.789	0.026909854744243265
0.79	0.02708252505160728
0.791	0.027271241310551805
0.792	0.027476221185472178
0.793	0.02769772667616988
0.794	0.02793606478590692
0.795	0.02819158844767266
0.796	0.02846469771305113
0.797	0.028755841210621618
0.798	0.029065517883426734
0.799	0.029394279017739472
0.8	0.029742730578193176
0.801	0.030111535867345128
0.802	0.030501418530971797
0.803	0.030913165933887952
0.804	0.031347632934896084
0.805	0.031805746093665405
0.806	0.032288508346976635
0.807	0.032797004196923156
0.808	0.03333240545941717
0.809	0.03389597762780459
0.81	0.034489086913658436
0.811	0.035113208035021964
0.812	0.0357699328316577
0.813	0.036460979797399685
0.814	0.03718820463169899
0.815	0.037953611926128894
0.816	0.03875936811725033
0.817	0.039607815855138055
0.818	0.040501489957413914
0.819	0.041443135142253756
0.82	0.04243572576104654
0.821	0.04348248778279075
0.822	0.04458692331863103
0.823	0.045752838017011965
0.824	0.046984371708760596
0.825	0.04828603273819659
0.826	0.04966273648252635
0.827	0.05111984863899475
0.828	0.052663233949561135
0.829	0.054299311138644175
0.83	0.0560351149636241
0.831	0.057878366423751555
0.832	0.05983755234503013
0.833	0.06192201576147303
0.834	0.06414205875284285
0.835	0.06650905968271327
0.836	0.0690356071170137
0.837	0.0717356531024039
0.838	0.07462468895816073
0.839	0.07771994729938314
0.84	0.08104063468062712
0.841	0.08460820004807931
0.842	0.08844664513906063
0.843	0.0925828840977165
0.844	0.09704716091659822
0.845	0.10187353490007707
0.846	0.10710044621363317
0.847	0.1127713757685882
0.848	0.11893561622419752
0.849	0.1256491737821712
0.85	0.1329758236854112
0.851	0.14098834583820666
0.852	0.14976997056362257
0.853	0.1594160678586515
0.854	0.17003611596844673
0.855	0.18175598558407008
0.856	0.19472057263352835
0.857	0.20909680245319417
0.858	0.2250770061895124
0.859	0.24288262876105762
0.86	0.2627681543013856
0.861	0.2850250106732471
0.862	0.3099850105797253
0.863	0.33802256061705527
0.864	0.36955436164214894
0.865	0.40503455584818543
0.866	0.4449421584860659
0.867	0.4897560735713592
0.868	0.539911055794131
0.869	0.5957259289662394
0.87	0.6572940615077489
0.871	0.7243274405335264
0.872	0.7959531329086572
0.873	0.8704793547324627
0.874	0.945181888686278
0.875	1.0162071879577368
0.876	1.0787257898992342
0.877	1.1274551720158303
0.878	1.1575576729955908
0.879	1.1657125766667296
0.88	1.1509745931479383
0.881	1.1150352845258074
0.882	1.0617604930360305
0.883	0.9962253383997384
0.884	0.9236587388895319
0.885	0.848643572026892
0.886	0.7747085183103192
0.887	0.7042615264393229
0.888	0.638733096450398
0.889	0.5788035330590953
0.89	0.5246315142320122
0.891	0.476044543542127
0.892	0.43268082998487406
0.893	0.39408685962896906
0.894	0.3597801482738657
0.895	0.3292869581144871
0.896	0.3021630974571822
0.897	0.2780038487828839
0.898	0.2564472354710994
0.899	0.23717342480438566
0.9	0.21990205762929554
0.901	0.204388611319316
0.902	0.19042045458492524
0.903	0.17781296715317313
0.904	0.16640592003538318
0.905	0.15606020497446413
0.906	0.14665493909328417
0.907	0.13808493594563293
0.908	0.13025851628788818
0.909	0.12309562409445035
0.91	0.11652621135890394
0.911	0.11048885642788518
0.912	0.10492958341898218
0.913	0.09980085374183006
0.914	0.09506070433953381
0.915	0.0906720107077782
0.916	0.08660185589076279
0.917	0.08282098944181773
0.918	0.07930336276616373
0.919	0.07602572935348931
0.92	0.07296730019076052
0.921	0.07010944615717069
0.922	0.06743544047953368
0.923	0.06493023540148786
0.924	0.06258026812396159
0.925	0.06037329183406751
0.926	0.0582982282778971
0.927	0.05634503886914727
0.928	0.054504611776682026
0.929	0.052768662813937196
0.93	0.051129648273179645
0.931	0.04958068811778541
0.932	0.04811549817403329
0.933	0.04672833015720582
0.934	0.045413918530693216
0.935	0.044167433336019093
0.936	0.042984438250172625
0.937	0.04186085322761699
0.938	0.04079292117058189
0.939	0.039777178145028104
0.94	0.03881042672290944
0.941	0.03788971208564941
0.942	0.03701230057046049
0.943	0.03617566038137802
0.944	0.03537744422162583
0.945	0.03461547363397625
0.946	0.03388772486179515
0.947	0.03319231606604876
0.948	0.032527495753180646
0.949	0.03189163228586169
0.95	0.03128320436352156
0.951	0.030700792372592805
0.952	0.030143070517789916
0.953	0.029608799655729268
0.954	0.029096820760956016
0.955	0.028606048962144616
0.956	0.028135468093017126
0.957	0.02768412570849937
0.958	0.027251128521908707
0.959	0.026835638223631136
0.96	0.026436867645873167
0.961	0.026054077241733756
0.962	0.025686571850090545
0.963	0.0253336977206818
0.964	0.024994839776336684
0.965	0.024669419091596766
0.966	0.024356890569016142
0.967	0.024056740796254788
0.968	0.023768486068713887
0.969	0.02349167056392645
0.97	0.023225864655230348
0.971	0.02297066335343065
0.972	0.02272568486621989
0.973	0.022490569266080365
0.974	0.02226497725825555
0.975	0.022048589041155694
0.976	0.021841103252268172
0.977	0.021642235993280575
0.978	0.02145171992870494
0.979	0.021269303452817235
0.98	0.021094749920207434
0.981	0.02092783693567212
0.982	0.020768355699584032
0.983	0.020616110405239165
0.984	0.02047091768502156
0.985	0.02033260610253727
0.986	0.020201015688158144
0.987	0.02007599751568497
0.988	0.01995741331808971
0.989	0.01984513514053225
0.99	0.019739045029068387
0.991	0.019639034753676357
0.992	0.019545005564429643
0.993	0.019456867979836957
0.994	0.01937454160655681
0.995	0.01929795498987678
0.996	0.019227045494526647
0.997	0.019161759215573382
0.998	0.019102050919324
0.999	0.019047884014343482
1.0	0.018999230552878988
1.001	0.01895607126317139
1.002	0.018918395613332414
1.003	0.018886201907671724
1.004	0.018859497416576422
1.005	0.018838298541276624
1.006	0.018822631015078476
1.007	0.018812530142912995
1.008	0.01880804108133742
1.009	0.018809219161440714
1.01	0.018816130257448056
1.011	0.01882885120419704
1.012	0.01884747026707395
1.013	0.018872087668459072
1.014	0.018902816175240304
1.015	0.01893978175252238
1.016	0.018983124289293225
1.017	0.019032998402517404
1.018	0.01908957432692157
1.019	0.019153038898629113
1.02	0.019223596641806416
1.021	0.019301470968615845
1.022	0.01938690550405163
1.023	0.019480165548683915
1.024	0.01958153969398056
1.025	0.019691341606743403
1.026	0.01980991200132148
1.027	0.019937620820685512
1.028	0.020074869650215772
1.029	0.020222094391218356
1.03	0.02037976822481254
1.031	0.020548404900992134
1.032	0.020728562392450724
1.033	0.020920846958270452
1.034	0.021125917668935675
1.035	0.021344491451481016
1.036	0.02157734872209745
1.037	0.021825339683390704
1.038	0.022089391374963286
1.039	0.02237051557934665
1.04	0.022669817700893838
1.041	0.022988506753445024
1.042	0.023327906613894705
1.043	0.023689468723778168
1.044	0.024074786450364333
1.045	0.024485611353297344
1.046	0.024923871643580495
1.047	0.025391693169810832
1.048	0.02589142332349799
1.049	0.026425658322722832
1.05	0.026997274413387087
1.051	0.027609463622300413
1.052	0.028265774809305533
1.053	0.028970160900012414
1.054	0.029727033340654612
1.055	0.03054132500690954
1.056	0.031418563024902424
1.057	0.03236495323144424
1.058	0.03338747831907085
1.059	0.03449401208736925
1.06	0.03569345266331379
1.061	0.03699587806696429
1.062	0.038412728089757944
1.063	0.03995701712047797
1.064	0.04164358328906191
1.065	0.043489380073718574
1.066	0.045513817276104575
1.067	0.04773915890696348
1.068	0.05019098585438262
1.069	0.052898730911232074
1.07	0.05589629229035563
1.071	0.05922272829597655
1.072	0.06292302896750823
1.073	0.06704894808318053
1.074	0.07165985750237534
1.075	0.07682355023230591
1.076	0.08261686106319925
1.077	0.08912588295636137
1.078	0.09644541840900757
1.079	0.10467709909002522
1.08	0.11392531570661996
1.081	0.12428971623764501
1.082	0.13585258471197556
1.083	0.14865902465442224
1.084	0.16268783927934755
1.085	0.1778119146805808
1.086	0.1937497142245288
1.087	0.21001524823210269
1.088	0.22588285516146722
1.089	0.2403928475609798
1.09	0.25242726247987646
1.091	0.2608707054474066
1.092	0.26483395620911154
1.093	0.2638713189884679
1.094	0.2581014835782238
1.095	0.24817459856309562
1.096	0.23510160806484381
1.097	0.22002356936329787
1.098	0.20400802510827568
1.099	0.18792305074166638
1.1	0.17239347365522092
1.101	0.15781565754357518
1.102	0.14440145428652595
1.103	0.1322290114638186
1.104	0.12128810966724242
1.105	0.11151544265140308
1.106	0.10281968462350474
1.107	0.09509808172263498
1.108	0.08824673545558953
1.109	0.08216651520809051
1.11	0.07676610158625076
1.111	0.07196323408404619
1.112	0.06768489007087165
1.113	0.06386686775961374
1.114	0.06045306981002078
1.115	0.05739466721810029
1.116	0.05464924770217934
1.117	0.05218000541845834
1.118	0.04995499985296547
1.119	0.047946494532628725
1.12	0.04613037639358227
1.121	0.044485651398156786
1.122	0.0429940094913986
1.123	0.04163945109552085
1.124	0.040407967351857844
1.125	0.03928726680580707
1.126	0.03826654193495364
1.127	0.037336269695869416
1.128	0.036488041028637674
1.129	0.03571441496766175
1.13	0.03500879364404354
1.131	0.03436531502358629
1.132	0.033778760707598325
1.133	0.03324447653711488
1.134	0.032758304092528355
1.135	0.03231652147778473
1.136	0.03191579202886438
1.137	0.03155311979708325
1.138	0.03122581083496329
1.139	0.030931439461303837
1.14	0.030667818807201354
1.141	0.030432975049947502
1.142	0.03022512483024943
1.143	0.030042655422772263
1.144	0.02988410729289378
1.145	0.029748158725679406
1.146	0.029633612258026073
1.147	0.02953938268300229
1.148	0.02946448642773717
1.149	0.029408032133696162
1.15	0.029369212291596912
1.151	0.02934729580320062
1.152	0.029341621359300633
1.153	0.029351591537864687
1.154	0.0293766675388484
1.155	0.02941636448299647
1.156	0.02947024721125215
1.157	0.02953792652942384
1.158	0.029619055849701367
1.159	0.029713328186628585
1.16	0.02982047347036024
1.161	0.029940256144570937
1.162	0.030072473020340086
1.163	0.0302169513607913
1.164	0.030373547174285115
1.165	0.030542143696614954
1.166	0.030722650044980718
1.167	0.030915000028566647
1.168	0.031119151102355854
1.169	0.03133508345241679
1.17	0.03156279920231413
1.171	0.031802321731562326
1.172	0.032053695098164546
1.173	0.03231698355829259
1.174	0.03259227117706726
1.175	0.03287966152522152
1.176	0.033179277457167346
1.177	0.03349126096666827
1.178	0.033815773116934914
1.179	0.03415299404253711
1.18	0.034503123021051685
1.181	0.03486637861286582
1.182	0.035242998868017315
1.183	0.0356332415994024
1.184	0.036037384722100725
1.185	0.03645572665898406
1.186	0.036888586813170414
1.187	0.03733630610828604
1.188	0.037799247597885596
1.189	0.038277797145780626
1.19	0.038772364179420524
1.191	0.03928338251888499
1.192	0.03981131128446058
1.193	0.04035663588621794
1.194	0.04091986909945472
1.195	0.04150155223035615
1.196	0.04210225637672563
1.197	0.04272258378918279
1.198	0.043363169338795915
1.199	0.04402468209773917
1.2	0.04470782704022173
1.201	0.045413346871660605
1.202	0.046142023994836176
1.203	0.04689468262262093
1.204	0.047672191047778596
1.205	0.04847546408133997
1.206	0.04930546567214313
1.207	0.05016321172132997
1.208	0.051049773106890586
1.209	0.051966278934794656
1.21	0.05291392003481833
1.211	0.053893952720926154
1.212	0.05490770283797423
1.213	0.05595657011862984
1.214	0.05704203287672935
1.215	0.058165653065898534
1.216	0.059329081735113746
1.217	0.060534064916076484
1.218	0.061782449980792215
1.219	0.06307619251168488
1.22	0.06441736373093308
1.221	0.06580815854059996
1.222	0.06725090423054395
1.223	0.0687480699171831
1.224	0.07030227678295255
1.225	0.07191630919391147
1.226	0.0735931267814519
1.227	0.07533587758364321
1.228	0.07714791235246662
1.229	0.07903280014530695
1.23	0.08099434533266783
1.231	0.08303660616947064
1.232	0.08516391509463687
1.233	0.08738090094332811
1.234	0.08969251327844631
1.235	0.09210404907328279
1.236	0.09462118200586753
1.237	0.09724999465825367
1.238	0.09999701395115179
1.239	0.10286925018683303
1.24	0.10587424012173695
1.241	0.10902009454584832
1.242	0.11231555090961692
1.243	0.11577003161246821
1.244	0.1193937086511682
1.245	0.12319757542346171
1.246	0.1271935265944762
1.247	0.13139444706309658
1.248	0.13581431121569307
1.249	0.14046829382898682
1.25	0.14537289418650515
1.251	0.150546075209253
1.252	0.15600741967671133
1.253	0.16177830593640458
1.254	0.1678821058775149
1.255	0.17434440838656318
1.256	0.1811932720234496
1.257	0.18845951126856159
1.258	0.19617702141416493
1.259	0.2043831480266692
1.26	0.21311910791634717
1.261	0.22243046974773784
1.262	0.23236770384414085
1.263	0.24298681242653686
1.264	0.2543500535334717
1.265	0.26652677425530297
1.266	0.27959437175741103
1.267	0.29363940394763954
1.268	0.30875887566326676
1.269	0.3250617310246117
1.27	0.3426705882521766
1.271	0.36172375990511363
1.272	0.382377609304933
1.273	0.40480930297467455
1.274	0.42922002931918557
1.275	0.4558387654637654
1.276	0.4849266869383242
1.277	0.5167823281912969
1.278	0.5517476146291966
1.279	0.5902148969485342
1.28	0.6326351223654705
1.281	0.6795272688728725
1.282	0.731489137811347
1.283	0.789209530491646
1.284	0.8534817002065984
1.285	0.925217730476762
1.286	1.0054630797671062
1.287	1.0954098547556328
1.288	1.196406284181718
1.289	1.3099581577949235
1.29	1.4377153953226387
1.291	1.5814330920094928
1.292	1.7428910551255403
1.293	1.9237489696458436
1.294	2.1253066724442977
1.295	2.3481331452358436
1.296	2.591529788175589
1.297	2.8528147247529714
1.298	3.1264725064395544
1.299	3.4033247592433
1.3	3.670039579717564
1.301	3.909452782925703
1.302	4.102178968872974
1.303	4.229659843437004
1.304	4.2780884881143075
1.305	4.241888281509303
1.306	4.125243067930873
1.307	3.940942601785311
1.308	3.7071024194373514
1.309	3.443208377018784
1.31	3.1668850801680812
1.311	2.892070691977046
1.312	2.628533606987257
1.313	2.382276591044743
1.314	2.156340709645216
1.315	1.95166567842097
1.316	1.7678299960540786
1.317	1.603613879699937
1.318	1.4573925667394163
1.319	1.3273928774363724
1.32	1.21184983531424
1.321	1.1090949316216074
1.322	1.0176000011817299
1.323	0.9359936097811211
1.324	0.8630612861130024
1.325	0.7977369073490369
1.326	0.7390897907003936
1.327	0.6863102241951873
1.328	0.6386950040462135
1.329	0.5956338179416869
1.33	0.5565968709168216
1.331	0.5211238897671857
1.332	0.4888144950765958
1.333	0.4593198528289531
1.334	0.4323354822795531
1.335	0.4075950857642962
1.336	0.3848652686178894
1.337	0.36394102680373697
1.338	0.3446418923401746
1.339	0.3268086399067358
1.34	0.31030047090518975
1.341	0.29499260311942194
1.342	0.28077420470792863
1.343	0.26754662052110606
1.344	0.25522184671893705
1.345	0.24372121648517134
1.346	0.2329742654228665
1.347	0.22291775010850112
1.348	0.21349479740411736
1.349	0.20465416559480668
1.35	0.19634960133297977
1.351	0.18853927881952118
1.352	0.1811853097094269
1.353	0.17425331395985486
1.354	0.16771204329458222
1.355	0.1615330501859276
1.356	0.15569039629026535
1.357	0.15016039514799212
1.358	0.14492138469887553
1.359	0.13995352579118783
1.36	0.13523862339565584
1.361	0.1307599676884498
1.362	0.12650219255345885
1.363	0.12245114938375636
1.364	0.11859379434395702
1.365	0.11491808749670787
1.366	0.11141290240376336
1.367	0.10806794499036472
1.368	0.10487368061510552
1.369	0.10182126841998392
1.37	0.09890250214980946
1.371	0.09610975672933735
1.372	0.09343593997247533
1.373	0.09087444887268957
1.374	0.08841912998874184
1.375	0.08606424349663827
1.376	0.08380443052814733
1.377	0.0816346834595813
1.378	0.07955031885244829
1.379	0.07754695278085819
1.38	0.07562047830982227
1.381	0.07376704491428193
1.382	0.07198303965140251
1.383	0.07026506991864272
1.384	0.06860994764781445
1.385	0.06701467480096421
1.386	0.06547643004779317
1.387	0.06399255651660662
1.388	0.06256055052173279
1.389	0.06117805118004809
1.39	0.05984283083792437
1.391	0.05855278623761325
1.392	0.05730593035899489
1.393	0.05610038487876293
1.394	0.05493437319464913
1.395	0.05380621396721613
1.396	0.05271431513619637
1.397	0.051657168372319366
1.398	0.050633343929165416
1.399	0.049641485862788534
1.4	0.04868030758977007
1.401	0.0477485877569671
1.402	0.0468451663985976
1.403	0.045968941358428696
1.404	0.04511886495677903
1.405	0.04429394088378658
1.406	0.04349322130199291
1.407	0.04271580414272442
1.408	0.041960830582073345
1.409	0.04122748268346119
1.41	0.04051498119486466
1.411	0.03982258348976246
1.412	0.039149581641776135
1.413	0.038495300623794505
1.414	0.037859096623136586
1.415	0.03724035546499307
1.416	0.0366384911370316
1.417	0.03605294440862887
1.418	0.035483181538740693
1.419	0.03492869306691196
1.42	0.03438899268239853
1.421	0.03386361616679388
1.422	0.03335212040596098
1.423	0.03285408246743472
1.424	0.03236909873981935
1.425	0.031896784131026645
1.426	0.031436771322521866
1.427	0.03098871007703446
1.428	0.030552266597483814
1.429	0.03012712293513883
1.43	0.029712976445306027
1.431	0.029309539289097332
1.432	0.028916537980096444
1.433	0.028533712974998
1.434	0.028160818307563354
1.435	0.027797621265500956
1.436	0.027443902110162986
1.437	0.02709945383923474
1.438	0.026764081992904216
1.439	0.026437604504319746
1.44	0.02611985159549758
1.441	0.025810665720215176
1.442	0.025509901555844282
1.443	0.02521742604652772
1.444	0.024933118500612708
1.445	0.02465687074581055
1.446	0.024388587346186097
1.447	0.024128185885785688
1.448	0.023875597324517706
1.449	0.02363076643280772
1.45	0.023393652312592713
1.451	0.023164229013403745
1.452	0.022942486253654686
1.453	0.022728430258821073
1.454	0.022522084730009682
1.455	0.022323491958513086
1.456	0.022132714104380617
1.457	0.021949834659863006
1.458	0.02177496012188855
1.459	0.021608221901577
1.46	0.021449778503307617
1.461	0.021299818011141697
1.462	0.021158560926614126
1.463	0.021026263409220643
1.464	0.02090322097955585
1.465	0.020789772755248275
1.466	0.020686306301903847
1.467	0.020593263195565256
1.468	0.02051114541016598
1.469	0.020440522663619023
1.47	0.020382040880161142
1.471	0.020336431955104334
1.472	0.02030452504210459
1.473	0.020287259623454925
1.474	0.020285700671918396
1.475	0.02030105626956212
1.476	0.020334698116385413
1.477	0.020388185440778077
1.478	0.02046329291645674
1.479	0.020562043297683394
1.48	0.02068674560673091
1.481	0.02084003984379571
1.482	0.021024949336352156
1.483	0.02124494199432232
1.484	0.021504001873831103
1.485	0.02180671254765549
1.486	0.02215835378623727
1.487	0.022565012887937455
1.488	0.023033711527333956
1.489	0.02357254799969885
1.49	0.024190852884113555
1.491	0.024899352886867687
1.492	0.02571033212746982
1.493	0.02663777113377426
1.494	0.02769742947804523
1.495	0.028906815735668546
1.496	0.030284954945191834
1.497	0.0318518152697166
1.498	0.03362718937469741
1.499	0.03562874393359773
1.5	0.037868866505412796
